0.000
0.000
0.000
0.000
0.000
0.098
0.000
0.466
0.000
0.000
0.000
0.082
0.000
0.000
0.000
0.361
0.000
0.000
0.066
0.000
0.000
0.000
0.057
0.000
0.057
0.000
0.000
0.000
0.000
0.000
0.000
0.489
0.000
0.000
0.454
0.000
0.442
0.000
0.000
0.408
0.000
0.000
0.000
0.000
0.000
0.000
0.000
0.000
0.000
0.000
0.000
0.022
0.221
0.000
0.000
0.000
0.000
0.000
0.000
0.000
0.000
0.000
0.000
0.000
0.017
0.000
0.000
0.000
0.014
0.000
0.000
0.000
0.000
0.000
0.000
0.012
0.000
0.000
0.000
1.028
0.000
0.000
0.000
0.000
0.000
0.095
0.091
0.088
0.000
0.000
0.080
0.000
0.000
0.000
0.072
0.071
0.000
0.000
0.063
0.000
0.000
0.560
0.000
0.000
0.000
0.000
0.000
0.000
0.000
0.049
0.000
0.000
0.000
0.000
0.043
0.000
0.000
0.000
0.000
0.000
0.000
0.000
0.000
0.000
0.000
0.000
0.000
0.000
0.000
0.114
0.217
0.000
0.206
0.000
0.000
0.097
0.000
0.097
0.000
0.091
0.171
0.000
0.000
0.086
0.000
0.000
0.000
0.000
0.000
0.000
0.000
0.126
0.126
0.000
0.114
0.114
0.114
0.000
0.000
0.000
0.000
0.000
0.000
0.000
0.000
0.000
0.000
0.000
0.000
0.000
0.580
0.000
0.000
0.537
0.529
0.000
0.000
0.000
0.000
0.000
0.000
0.000
0.418
0.000
0.000
0.000
0.000
0.000
0.000
0.000
0.000
0.000
0.000
0.000
0.000
0.000
0.000
0.000
0.000
0.000
0.000
0.000
0.000
0.000
0.000
0.000
0.000
0.000
0.000
0.324
0.000
0.000
0.307
0.000
0.000
0.000
0.290
0.000
0.000
0.256
0.000
0.000
0.000
0.000
0.000
0.000
0.000
0.000
0.000
0.188
0.188
0.188
0.000
0.000
0.000
0.000
0.000
0.000
0.000
0.000
0.000
0.000
0.000
0.418
0.000
0.000
0.000
0.000
0.176
0.000
0.000
0.000
0.000
0.000
0.000
0.000
0.000
0.000
0.000
0.000
0.000
0.000
0.000
0.118
0.000
0.000
0.000
0.108
0.000
0.103
0.000
0.000
0.000
0.000
0.000
0.362
0.000
0.000
0.000
0.000
0.000
0.000
0.000
0.000
0.000
0.000
0.000
0.000
0.000
0.000
0.000
0.000
0.000
0.171
0.000
0.000
0.000
0.000
0.000
0.000
0.000
0.151
0.141
0.000
0.000
0.121
0.121
0.000
0.000
0.000
0.111
0.000
0.101
0.101
0.101
0.000
0.000
0.000
0.000
0.000
0.000
0.000
0.000
0.000
0.000
0.000
0.000
0.000
0.357
0.351
0.000
0.000
0.000
0.000
0.060
0.000
0.000
0.000
0.051
0.000
0.000
0.000
0.000
0.000
0.000
0.000
0.000
0.000
0.000
0.000
0.000
0.000
0.000
0.000
0.000
0.000
0.000
0.000
0.000
0.000
0.000
0.000
0.000
0.241
0.000
0.000
0.000
0.199
0.000
0.000
0.000
0.000
0.000
0.000
0.000
0.000
0.000
0.157
0.000
0.039
0.000
0.000
0.000
0.000
0.000
0.000
0.115
0.000
0.000
0.115
0.000
0.052
0.000
0.000
0.000
0.000
0.000
0.000
0.000
0.000
0.000
1.082
0.000
0.000
0.000
0.000
0.228
0.000
0.000
0.000
0.821
0.000
0.000
0.372
0.000
0.000
0.000
0.000
0.000
0.000
0.000
0.613
0.000
0.000
0.000
0.561
0.000
0.000
0.000
0.000
0.000
0.000
0.000
0.000
0.000
0.000
0.000
0.000
0.000
0.000
0.000
0.000
0.000
0.000
0.000
0.000
0.248
0.000
0.000
0.000
0.222
0.000
0.000
0.222
0.000
0.000
0.000
0.000
0.196
0.196
0.183
0.000
0.156
0.156
0.156
0.000
0.000
0.143
0.036
0.000
0.130
0.130
0.000
0.000
0.000
0.000
0.000
0.000
0.000
0.000
0.000
0.000
0.000
0.000
0.000
0.000
0.000
0.000
0.000
0.000
0.000
0.000
0.000
0.000
0.000
0.000
0.064
0.000
0.000
0.000
0.000
0.000
0.000
0.000
0.000
0.000
0.000
0.000
0.000
0.000
0.000
0.000
0.000
0.000
0.000
0.000
0.000
0.000
0.000
0.000
0.000
0.000
0.000
0.000
0.000
0.000
0.000
0.000
0.000
0.223
0.000
0.223
0.000
0.000
0.000
0.197
0.197
0.197
0.000
0.183
0.000
0.000
0.000
0.000
0.000
0.000
0.000
0.144
0.000
0.131
0.131
0.000
0.000
0.000
0.000
0.000
0.650
0.000
0.000
0.000
0.000
0.000
0.000
0.000
0.000
0.000
0.000
0.000
0.476
0.000
0.000
0.000
0.000
0.000
0.000
0.000
0.000
0.000
0.000
0.000
0.000
0.000
0.000
0.000
0.000
0.000
0.000
0.000
0.000
0.000
0.000
0.027
0.000
0.000
0.000
0.000
0.000
0.000
0.000
0.000
0.000
0.000
0.000
0.000
0.036
0.000
0.000
0.034
0.013
0.000
0.000
0.000
0.000
0.000
0.000
0.000
0.000
0.000
0.000
0.000
0.000
0.000
0.000
0.000
0.000
0.000
0.000
0.000
0.076
0.076
0.000
0.000
0.000
0.000
0.000
1.130
0.000
1.104
1.091
0.526
0.000
0.000
0.000
0.920
0.894
0.000
0.000
0.421
0.000
0.000
0.000
0.723
0.697
0.000
0.000
0.000
0.000
0.000
0.618
0.605
0.000
0.000
0.565
0.000
0.000
0.000
0.000
0.000
0.000
0.000
0.000
0.000
0.000
0.000
0.000
0.000
0.000
0.000
0.000
0.000
0.000
0.000
0.000
0.250
0.000
0.000
0.237
0.000
0.000
0.223
0.223
0.000
0.000
0.000
0.197
0.197
0.000
0.000
0.000
0.000
0.000
0.158
0.000
0.145
0.000
0.145
0.000
0.131
0.131
0.000
0.000
0.000
0.000
0.570
0.000
0.000
0.550
0.000
0.000
0.000
0.000
0.000
0.000
0.000
0.000
0.000
0.000
0.000
0.000
0.373
0.000
0.000
0.000
0.321
0.000
0.000
0.000
0.000
0.000
0.000
0.000
0.563
0.000
0.000
0.000
0.000
0.000
0.000
0.000
0.000
0.000
0.000
0.000
0.000
0.000
0.000
0.000
0.000
0.000
0.000
0.000
0.000
0.249
0.000
0.000
0.000
0.000
0.000
0.000
0.000
0.000
0.000
0.000
0.000
0.196
0.000
0.000
0.000
0.000
0.157
0.000
0.000
0.000
0.000
0.000
0.000
0.000
0.131
0.000
0.000
0.000
0.079
0.000
0.000
0.000
0.000
0.000
0.000
0.000
0.000
0.658
0.000
0.000
0.000
0.000
0.000
0.000
0.135
0.000
0.000
0.000
0.000
0.044
0.000
0.000
0.000
0.000
0.000
0.000
0.000
0.000
0.000
0.000
0.000
0.000
0.000
0.000
0.000
0.000
0.000
0.000
0.000
0.000
0.000
0.000
0.000
0.000
0.000
0.000
0.000
0.000
0.000
0.000
0.000
0.000
0.000
0.000
0.000
0.000
0.000
0.144
0.000
0.000
0.000
0.000
0.000
0.000
0.000
0.000
0.000
0.000
0.000
0.000
0.000
0.000
0.000
0.000
0.000
0.000
0.000
0.000
0.000
0.750
0.000
0.000
0.000
1.428
0.000
0.000
0.000
0.000
0.000
0.000
1.161
0.000
1.107
0.000
0.000
0.000
0.000
0.000
0.000
0.875
0.875
0.000
0.000
0.000
0.000
0.000
0.000
0.000
0.000
0.000
0.000
0.000
0.000
0.000
0.000
0.000
0.000
0.000
0.000
0.000
0.000
0.000
0.000
0.411
0.000
0.000
0.357
0.339
0.000
0.321
0.321
0.000
0.000
0.000
0.000
0.000
0.000
0.000
0.000
0.268
0.000
0.000
0.000
0.000
0.214
0.214
0.000
0.000
0.000
0.000
0.000
0.179
0.000
0.000
0.000
0.078
0.000
0.000
0.074
0.000
0.000
0.000
0.173
0.333
0.648
0.000
0.000
0.000
0.000
0.562
0.000
0.268
0.000
0.000
0.000
0.000
0.432
0.000
0.000
0.000
0.000
0.000
0.000
0.000
0.000
0.000
0.000
0.000
0.000
0.337
0.000
0.000
0.000
0.000
0.000
0.000
0.000
0.000
0.000
0.000
0.000
0.000
0.199
0.000
0.000
0.000
0.164
0.000
0.000
0.000
0.000
0.147
0.000
0.000
0.000
0.000
0.000
0.000
0.000
0.000
0.000
0.000
0.104
0.000
0.000
0.000
0.000
0.000
0.000
0.000
0.086
0.086
0.000
0.000
0.000
0.000
0.000
0.000
0.000
0.000
0.000
0.306
0.000
0.291
0.000
0.000
0.520
0.000
0.498
0.237
0.000
0.000
0.436
0.000
0.000
0.383
0.000
0.000
0.191
0.000
0.000
0.000
0.000
0.000
0.000
0.000
0.000
0.000
0.000
0.000
0.000
0.000
0.000
0.000
0.000
0.000
0.000
0.000
0.000
0.000
0.000
0.000
0.000
0.000
0.000
0.145
0.000
0.000
0.000
0.000
0.000
0.000
0.000
0.000
0.122
0.000
0.000
0.000
0.000
0.000
0.000
0.092
0.000
0.000
0.000
0.000
0.000
0.000
0.000
0.077
0.000
0.000
0.000
0.000
0.000
0.000
0.000
0.000
0.411
0.000
0.000
0.000
0.343
0.000
0.000
0.000
0.000
0.000
0.304
0.607
0.000
0.000
0.000
0.000
0.000
0.000
0.000
0.000
0.000
0.000
0.000
0.000
0.000
0.000
0.000
0.000
0.000
0.000
0.000
0.000
0.000
0.000
0.000
0.000
0.000
0.000
0.000
0.000
0.000
0.000
0.225
0.000
0.000
0.000
0.186
0.000
0.000
0.000
0.000
0.167
0.000
0.000
0.000
0.000
0.000
0.000
0.147
0.000
0.000
0.000
0.000
0.118
0.000
0.000
0.000
0.000
0.108
0.000
0.098
0.000
0.098
0.000
0.000
0.000
0.000
0.000
0.000
0.000
0.000
0.775
0.000
0.000
0.000
0.000
0.000
0.000
0.630
0.000
0.000
0.000
0.000
0.000
0.000
0.000
0.000
0.047
0.000
0.000
0.000
0.000
0.000
0.000
0.000
0.000
0.000
0.000
0.000
0.000
0.000
0.000
0.000
0.000
0.000
0.000
0.000
0.000
0.000
0.000
0.000
0.000
0.000
0.000
0.000
0.000
0.000
0.000
0.087
0.000
0.000
0.000
0.000
0.000
0.000
0.000
0.073
0.073
0.000
0.000
0.000
0.000
0.116
0.000
0.000
0.000
0.000
0.107
0.000
0.097
0.097
0.000
0.000
0.000
0.000
0.000
0.000
0.000
0.000
0.000
0.000
0.000
0.000
0.000
0.000
0.000
0.000
0.000
0.062
0.613
0.000
0.000
0.000
0.000
0.000
0.000
0.000
0.000
0.000
0.000
0.000
0.000
0.000
0.000
0.000
0.405
0.000
0.000
0.000
0.000
0.000
0.000
0.000
0.000
0.000
0.000
0.000
0.000
0.000
0.000
0.000
0.000
0.000
0.000
0.188
0.000
0.000
0.178
0.000
0.000
0.000
0.000
0.000
0.000
0.148
0.000
0.000
0.000
0.000
0.000
0.000
0.000
0.000
0.000
0.000
0.000
0.000
0.000
0.099
0.099
0.099
0.099
0.000
0.000
0.000
0.000
0.000
0.000
0.000
0.000
0.000
0.000
0.376
0.000
0.000
0.000
0.000
0.324
0.000
0.309
0.000
0.000
0.000
0.000
0.000
0.000
0.000
0.000
0.000
0.000
0.000
0.000
0.000
0.000
0.000
0.000
0.000
0.000
0.000
0.000
0.000
0.000
0.000
0.000
0.000
0.000
0.000
0.000
0.000
0.000
0.000
0.000
0.000
0.098
0.000
0.000
0.000
0.000
0.000
0.000
0.000
0.000
0.082
0.000
0.000
0.077
0.000
0.000
0.000
0.000
0.000
0.000
0.000
0.000
0.000
0.000
0.000
0.000
0.000
0.000
0.000
0.000
0.000
0.000
0.000
0.115
0.000
0.281
0.000
0.000
0.000
0.000
0.095
0.000
0.000
0.000
0.000
0.000
0.000
0.000
0.000
0.000
0.000
0.665
0.000
0.000
0.000
0.064
0.000
0.000
0.000
0.000
0.000
0.000
0.000
0.000
0.000
0.000
0.000
0.488
0.000
0.000
0.000
0.000
0.000
0.000
0.000
0.000
0.000
0.000
0.000
0.000
0.258
0.000
0.000
0.000
0.231
0.000
0.000
0.000
0.000
0.000
0.000
0.203
0.000
0.000
0.190
0.000
0.000
0.163
0.000
0.000
0.149
0.000
0.000
0.000
0.136
0.000
0.000
0.000
0.000
0.000
0.000
0.000
0.000
0.000
0.000
0.000
0.000
0.000
0.000
0.649
0.000
0.000
0.000
0.584
0.574
0.000
0.000
0.000
0.000
0.000
0.000
0.000
0.000
0.000
0.436
0.000
0.000
0.000
0.398
0.000
0.000
0.000
0.000
0.352
0.000
0.000
0.000
0.000
0.000
0.000
0.000
0.000
0.000
0.250
0.000
0.213
0.000
0.000
0.000
0.000
0.000
0.000
0.000
0.000
0.000
0.000
0.000
0.000
0.000
0.000
0.000
0.139
0.000
0.000
0.000
0.000
0.000
0.000
0.000
0.000
0.102
0.102
0.000
0.000
0.093
0.000
0.000
0.000
0.000
0.000
0.000
0.000
0.000
0.899
0.866
0.000
0.000
0.791
0.000
0.000
0.000
0.000
0.682
0.000
0.000
0.617
0.000
0.000
0.542
0.000
0.531
0.000
0.000
0.000
0.000
0.000
0.000
0.466
0.000
0.000
0.000
0.000
0.000
0.000
0.000
0.000
0.000
0.000
0.000
0.000
0.000
0.000
0.000
0.271
0.249
0.000
0.000
0.000
0.206
0.000
0.000
0.000
0.000
0.000
0.000
0.000
0.000
0.000
0.162
0.000
0.162
0.000
0.000
0.000
0.000
0.130
0.000
0.000
0.000
0.119
0.119
0.000
0.000
0.108
0.000
0.000
0.000
0.000
0.000
0.853
0.000
0.000
0.000
0.000
0.764
0.000
0.000
0.000
0.000
0.000
0.645
0.625
0.615
0.000
0.000
0.000
0.000
0.000
0.000
0.000
0.000
0.000
0.000
0.000
0.000
0.000
0.000
0.000
0.000
0.000
0.000
0.000
0.000
0.000
0.000
0.000
0.000
0.000
0.000
0.000
0.000
0.000
0.000
0.000
0.000
0.000
0.000
0.188
0.000
0.000
0.000
0.000
0.000
0.000
0.000
0.000
0.000
0.000
0.000
0.149
0.000
0.000
0.000
0.000
0.000
0.000
0.000
0.000
0.000
0.000
0.000
0.099
0.000
0.000
0.000
0.205
0.000
0.000
0.000
0.774
0.000
0.189
0.182
0.000
0.000
0.000
0.159
0.000
0.000
0.000
0.574
0.141
0.000
0.130
0.000
0.000
0.000
0.446
0.446
0.000
0.000
0.107
0.105
0.000
0.000
0.098
0.000
0.000
0.000
0.000
0.000
0.000
0.000
0.082
0.000
0.000
0.000
0.000
0.000
0.000
0.000
0.000
0.209
0.000
0.000
0.000
0.000
0.000
0.000
0.000
0.000
0.000
0.155
0.155
0.000
0.000
0.000
0.000
0.137
0.137
0.128
0.000
0.000
0.109
0.000
0.000
0.000
0.000
0.000
0.000
0.091
0.091
0.000
0.000
0.000
0.000
0.000
0.000
0.000
0.000
0.000
0.000
0.000
0.000
0.995
0.000
0.000
0.000
0.000
0.000
0.000
0.000
0.000
0.000
0.000
0.000
0.668
0.000
0.000
0.000
0.000
0.000
0.000
0.000
0.000
0.000
0.000
0.000
0.000
0.000
0.000
0.000
0.000
0.000
0.000
0.000
0.000
0.000
0.000
0.000
0.000
0.000
0.313
0.000
0.000
0.000
0.000
0.000
0.000
0.232
0.000
0.000
0.000
0.000
0.000
0.000
0.000
0.000
0.000
0.000
0.000
0.000
0.163
0.000
0.000
0.000
0.000
0.000
0.000
0.000
0.000
0.000
0.000
0.000
0.000
0.000
0.000
0.000
0.000
0.000
0.496
0.471
0.000
0.000
0.217
0.000
0.000
0.000
0.384
0.372
0.000
0.000
0.000
0.000
0.310
0.607
0.000
0.000
0.000
0.000
0.000
0.000
0.000
0.533
0.000
0.000
0.000
0.000
0.471
0.000
0.000
0.000
0.000
0.421
0.396
0.000
0.000
0.000
0.000
0.000
0.285
0.000
0.000
0.000
0.235
0.235
0.000
0.223
0.000
0.000
0.211
0.211
0.000
0.000
0.000
0.186
0.186
0.186
0.173
0.161
0.149
0.149
0.000
0.000
0.000
0.000
0.136
0.000
0.124
0.000
0.000
0.000
0.000
0.000
0.000
0.000
0.000
0.000
0.894
0.861
0.000
0.000
0.393
0.000
0.000
0.000
0.000
0.678
0.000
0.000
0.614
0.000
0.000
0.538
0.132
0.528
0.000
0.000
0.127
0.000
0.000
0.000
0.000
0.000
0.000
0.000
0.000
0.409
0.000
0.000
0.000
0.000
0.000
0.345
0.000
0.000
0.000
0.000
0.269
0.000
0.000
0.000
0.000
0.000
0.000
0.000
0.000
0.000
0.000
0.000
0.000
0.000
0.000
0.000
0.000
0.000
0.162
0.000
0.000
0.129
0.129
0.129
0.000
0.118
0.000
0.118
0.000
0.108
0.108
0.000
0.000
0.000
0.000
0.000
0.000
0.000
0.000
0.000
0.000
0.000
0.000
0.000
0.070
0.000
0.000
0.000
0.000
0.000
0.000
0.000
0.000
0.000
0.000
0.000
0.000
0.000
0.000
0.000
0.000
0.000
0.000
0.000
0.000
0.000
0.000
0.000
0.000
0.000
0.000
0.000
0.000
0.000
0.000
0.000
0.000
0.000
0.000
0.000
0.000
0.000
0.000
0.000
0.191
0.000
0.000
0.000
0.000
0.000
0.000
0.000
0.000
0.000
0.000
0.000
0.150
0.000
0.000
0.000
0.000
0.120
0.000
0.000
0.000
0.000
0.110
0.000
0.000
0.000
0.000
0.000
0.000
0.000
0.000
0.000
0.000
0.000
0.000
0.000
0.000
0.000
0.000
0.000
0.000
0.000
0.000
0.000
0.000
0.000
0.172
0.166
0.000
0.000
0.000
0.000
0.000
0.000
0.000
0.000
0.000
0.000
0.000
0.000
0.000
0.000
0.000
0.000
0.000
0.000
0.000
0.000
0.000
0.000
0.000
0.000
0.000
0.000
0.000
0.139
0.000
0.000
0.000
0.000
0.000
0.000
0.109
0.000
0.000
0.000
0.000
0.000
0.000
0.000
0.091
0.091
0.091
0.000
0.000
0.000
0.073
0.073
0.000
0.000
0.000
0.000
0.000
0.060
0.000
0.000
0.000
0.000
0.000
0.000
0.000
0.000
0.000
0.000
0.574
0.000
0.000
0.000
0.000
0.000
0.000
0.000
0.804
0.000
0.000
0.728
0.000
0.000
0.000
0.625
0.625
0.000
0.000
0.000
0.000
0.574
0.000
0.000
0.000
0.000
0.000
0.000
0.000
0.000
0.000
0.000
0.000
0.000
0.000
0.000
0.000
0.000
0.000
0.319
0.000
0.000
0.000
0.000
0.243
0.000
0.000
0.000
0.000
0.000
0.000
0.000
0.000
0.000
0.000
0.000
0.191
0.191
0.000
0.000
0.000
0.153
0.153
0.000
0.000
0.000
0.000
0.000
0.128
0.128
0.000
0.000
0.000
0.000
0.000
0.000
0.094
0.000
0.000
0.000
0.000
0.000
0.000
0.077
0.075
0.074
0.000
0.330
0.000
0.000
0.000
0.000
0.000
0.000
0.000
0.000
0.000
0.000
0.000
0.000
0.000
0.000
0.000
0.000
0.000
0.000
0.000
0.000
0.000
0.000
0.000
0.000
0.000
0.000
0.000
0.000
0.000
0.000
0.000
0.000
0.000
0.000
0.000
0.209
0.000
0.000
0.000
0.000
0.000
0.000
0.000
0.000
0.000
0.000
0.000
0.000
0.000
0.000
0.000
0.000
0.132
0.000
0.000
0.000
0.000
0.000
0.000
0.110
0.110
0.110
0.000
0.000
0.000
0.000
0.000
0.000
0.000
0.000
0.000
0.000
0.000
0.000
0.000
0.000
0.000
0.000
0.738
0.726
0.000
0.000
0.000
0.000
0.000
0.000
0.000
0.000
0.000
0.000
0.000
0.000
0.000
0.000
0.000
0.000
0.000
0.000
0.000
0.000
0.000
0.000
0.000
0.000
0.375
0.000
0.000
0.000
0.000
0.000
0.000
0.000
0.000
0.000
0.223
0.000
0.000
0.000
0.000
0.000
0.000
0.000
0.000
0.000
0.000
0.000
0.000
0.000
0.000
0.000
0.000
0.141
0.000
0.000
0.000
0.000
0.000
0.000
0.117
0.117
0.117
0.000
0.000
0.000
0.000
0.000
0.000
0.000
0.000
0.835
0.000
0.000
0.000
0.000
0.000
0.000
0.000
0.657
0.647
0.000
0.000
0.000
0.000
0.000
0.000
0.000
0.000
0.000
0.000
0.000
0.000
0.000
0.000
0.000
0.000
0.000
0.000
0.000
0.000
0.000
0.000
0.000
0.000
0.000
0.000
0.000
0.000
0.000
0.000
0.000
0.000
0.000
0.000
0.198
0.000
0.000
0.000
0.000
0.000
0.000
0.000
0.000
0.000
0.000
0.000
0.000
0.000
0.000
0.000
0.000
0.125
0.000
0.000
0.115
0.115
0.000
0.000
0.104
0.000
0.000
0.000
0.000
0.000
0.000
0.000
0.000
0.000
0.000
0.624
0.000
0.585
0.000
0.000
0.000
0.000
0.000
0.000
0.484
0.000
0.000
0.000
0.414
0.000
0.382
0.000
0.382
0.000
0.000
0.000
0.000
0.000
0.000
0.000
0.000
0.000
0.000
0.000
0.000
0.000
0.281
0.000
0.000
0.000
0.000
0.000
0.000
0.000
0.000
0.000
0.000
0.000
0.000
0.148
0.000
0.140
0.000
0.000
0.133
0.000
0.000
0.000
0.000
0.000
0.000
0.000
0.000
0.000
0.000
0.094
0.000
0.094
0.000
0.000
0.000
0.000
0.000
0.078
0.078
0.000
0.000
0.085
0.000
0.000
0.000
0.000
0.000
0.395
0.000
0.000
0.000
0.000
0.066
0.640
0.630
0.000
0.282
0.292
0.000
0.268
0.000
0.000
0.470
0.230
0.000
0.000
0.000
0.235
0.043
0.000
0.000
0.188
0.000
0.000
0.000
0.367
0.000
0.000
0.000
0.169
0.000
0.000
0.000
0.000
0.000
0.000
0.000
0.000
0.216
0.000
0.000
0.000
0.179
0.000
0.000
0.169
0.160
0.000
0.000
0.000
0.000
0.000
0.000
0.141
0.141
0.141
0.132
0.000
0.000
0.113
0.000
0.000
0.103
0.103
0.103
0.000
0.000
0.094
0.000
0.000
0.000
0.000
0.000
0.000
0.000
0.000
0.000
0.000
0.000
0.000
0.000
0.000
0.000
0.000
0.000
0.000
0.000
0.000
0.000
0.000
0.000
0.000
0.000
0.000
0.000
0.000
0.000
0.000
0.000
0.000
0.000
0.000
0.000
0.000
0.000
0.000
0.000
0.000
0.000
0.000
0.000
0.000
0.000
0.000
0.000
0.000
0.000
0.000
0.000
0.000
0.000
0.055
0.000
0.000
0.000
0.000
0.000
0.000
0.000
0.000
0.000
0.000
0.000
0.044
0.000
0.000
0.000
0.000
0.000
0.000
0.000
0.000
0.000
0.000
0.029
0.029
0.000
0.000
0.000
0.500
0.000
0.966
0.000
0.477
0.000
0.444
0.000
0.000
0.000
0.000
0.000
0.000
0.000
0.000
0.699
0.688
0.000
0.633
0.000
0.000
0.555
0.544
0.000
0.000
0.533
0.222
0.222
0.000
0.000
0.222
0.000
0.455
0.000
0.216
0.422
0.000
0.000
0.000
0.000
0.000
0.355
0.000
0.000
0.000
0.000
0.278
0.255
0.000
0.000
0.222
0.211
0.000
0.000
0.000
0.189
0.000
0.189
0.189
0.000
0.000
0.167
0.167
0.167
0.167
0.155
0.000
0.000
0.133
0.133
0.000
0.000
0.122
0.122
0.000
0.111
0.111
0.111
0.000
0.000
0.000
0.000
0.000
0.000
0.000
0.493
0.000
0.000
0.000
0.000
0.000
0.000
0.000
0.000
0.776
0.000
0.000
0.000
0.000
0.000
0.000
0.604
0.000
0.000
0.000
0.000
0.567
0.000
0.000
0.247
0.000
0.000
0.000
0.000
0.000
0.000
0.000
0.444
0.000
0.000
0.000
0.000
0.000
0.000
0.000
0.000
0.283
0.000
0.000
0.000
0.234
0.000
0.000
0.000
0.210
0.000
0.000
0.000
0.000
0.197
0.000
0.185
0.000
0.185
0.000
0.000
0.148
0.148
0.148
0.000
0.000
0.000
0.136
0.123
0.000
0.123
0.123
0.000
0.000
0.000
0.000
0.000
0.000
0.000
0.000
0.000
0.000
0.000
0.000
0.506
0.983
0.000
0.000
0.911
0.463
0.000
0.000
0.000
0.000
0.000
0.000
0.000
0.000
0.000
0.000
0.000
0.000
0.000
0.622
0.000
0.000
0.000
0.000
0.000
0.000
0.000
0.000
0.000
0.000
0.463
0.000
0.000
0.000
0.000
0.000
0.000
0.000
0.000
0.000
0.000
0.000
0.000
0.000
0.000
0.000
0.000
0.000
0.000
0.231
0.217
0.000
0.000
0.000
0.000
0.000
0.000
0.173
0.000
0.000
0.000
0.000
0.000
0.145
0.145
0.000
0.000
0.000
0.000
0.000
0.000
0.000
0.000
0.000
0.241
0.000
0.000
0.000
0.000
0.000
0.211
0.000
0.000
0.193
0.181
0.000
0.344
0.000
0.000
0.000
0.000
0.000
0.295
0.000
0.000
0.000
0.000
0.000
0.121
0.000
0.000
0.000
0.000
0.000
0.000
0.000
0.000
0.000
0.000
0.000
0.000
0.000
0.000
0.000
0.000
0.139
0.000
0.000
0.000
0.000
0.000
0.109
0.109
0.000
0.000
0.000
0.000
0.000
0.000
0.000
0.000
0.000
0.090
0.084
0.000
0.000
0.072
0.000
0.000
0.000
0.066
0.000
0.000
0.060
0.060
0.000
0.000
0.000
0.000
0.000
0.000
0.000
0.000
0.000
0.000
0.000
0.000
0.844
0.000
0.000
0.000
0.000
0.000
0.000
0.000
0.000
0.000
0.000
0.000
0.566
0.000
0.000
0.000
0.000
0.532
0.000
0.000
0.231
0.000
0.474
0.000
0.000
0.000
0.000
0.000
0.000
0.000
0.000
0.000
0.000
0.000
0.000
0.000
0.000
0.000
0.000
0.000
0.000
0.220
0.000
0.000
0.000
0.000
0.196
0.000
0.000
0.000
0.000
0.000
0.000
0.173
0.000
0.162
0.000
0.000
0.139
0.000
0.000
0.127
0.127
0.000
0.116
0.116
0.000
0.000
0.000
0.105
0.000
0.000
0.000
0.000
0.000
0.000
0.000
0.000
0.000
0.000
0.815
0.000
0.000
0.000
0.733
0.072
0.000
0.000
0.000
0.000
0.582
0.570
0.000
0.570
0.000
0.000
0.535
0.000
0.000
0.500
0.000
0.477
0.000
0.113
0.000
0.000
0.000
0.419
0.000
0.000
0.000
0.000
0.000
0.000
0.314
0.291
0.268
0.268
0.000
0.000
0.221
0.000
0.000
0.210
0.198
0.000
0.000
0.000
0.186
0.000
0.175
0.175
0.175
0.175
0.000
0.000
0.000
0.140
0.000
0.000
0.000
0.000
0.128
0.000
0.116
0.116
0.000
0.000
0.000
0.000
0.000
0.000
0.000
0.000
0.000
0.000
0.000
0.000
0.000
0.000
0.813
0.000
0.000
0.000
0.000
0.000
0.000
0.000
0.000
0.000
0.000
0.000
0.000
0.000
0.000
0.000
0.000
0.000
0.514
0.000
0.490
0.000
0.000
0.000
0.000
0.000
0.430
0.000
0.407
0.000
0.359
0.000
0.000
0.000
0.000
0.000
0.000
0.000
0.239
0.227
0.000
0.000
0.000
0.000
0.000
0.000
0.203
0.000
0.000
0.000
0.179
0.179
0.179
0.000
0.000
0.000
0.143
0.000
0.000
0.132
0.000
0.000
0.000
0.000
0.120
0.000
0.000
0.000
0.000
0.000
0.000
0.000
0.000
0.000
0.000
0.000
0.000
0.000
0.000
0.000
0.000
0.000
0.000
0.436
0.000
0.000
0.000
0.000
0.000
0.000
0.000
0.000
0.000
0.000
0.647
0.000
0.000
0.000
0.000
0.000
0.000
0.000
0.000
0.000
0.000
0.000
0.000
0.000
0.000
0.000
0.000
0.408
0.000
0.000
0.324
0.000
0.000
0.000
0.267
0.000
0.000
0.253
0.000
0.000
0.239
0.000
0.000
0.225
0.211
0.211
0.211
0.211
0.000
0.000
0.000
0.169
0.000
0.000
0.155
0.000
0.155
0.000
0.141
0.141
0.000
0.000
0.000
0.000
0.000
0.000
0.000
0.000
0.000
0.000
0.000
0.000
0.000
0.088
0.000
0.000
0.000
0.197
0.194
0.000
0.000
0.000
0.000
0.000
0.614
0.000
0.000
0.000
0.000
0.000
0.000
0.000
0.539
0.000
0.000
0.000
0.000
0.000
0.000
0.000
0.000
0.000
0.000
0.000
0.000
0.000
0.000
0.000
0.000
0.000
0.000
0.000
0.000
0.238
0.000
0.000
0.000
0.000
0.000
0.000
0.000
0.200
0.000
0.000
0.188
0.188
0.000
0.000
0.000
0.150
0.150
0.000
0.000
0.000
0.000
0.000
0.000
0.125
0.125
0.125
0.000
0.094
0.000
0.000
0.000
0.000
0.000
0.000
0.000
0.000
0.000
0.076
0.000
0.000
0.000
0.000
0.066
0.065
0.000
0.000
0.000
0.000
0.052
0.021
0.000
0.000
0.000
0.000
0.000
0.000
0.000
0.000
0.000
0.000
0.000
0.000
0.000
0.000
0.000
0.000
0.000
0.000
0.000
0.000
0.000
0.000
0.000
0.000
0.241
0.241
0.000
0.209
0.199
0.000
0.000
0.188
0.000
0.178
0.178
0.000
0.167
0.167
0.000
0.157
0.157
0.157
0.147
0.000
0.000
0.126
0.000
0.000
0.115
0.115
0.115
0.000
0.105
0.105
0.105
0.000
0.454
0.000
0.878
0.000
0.857
0.847
0.000
0.000
0.000
0.000
0.000
0.706
0.686
0.000
0.000
0.636
0.625
0.000
0.288
0.000
0.000
0.504
0.373
0.000
0.000
0.000
0.000
0.323
0.000
0.000
0.333
0.252
0.000
0.000
0.000
0.000
0.000
0.000
0.036
0.000
0.000
0.000
0.000
0.252
0.000
0.212
0.000
0.202
0.232
0.000
0.000
0.192
0.000
0.182
0.182
0.171
0.171
0.000
0.000
0.161
0.161
0.151
0.151
0.151
0.000
0.000
0.131
0.121
0.121
0.000
0.000
0.111
0.000
0.111
0.000
0.101
0.000
0.101
0.000
0.000
0.000
0.000
0.279
0.000
0.000
0.000
0.000
0.000
0.000
0.000
0.000
0.883
0.000
0.000
0.205
0.000
0.000
0.000
0.000
0.000
0.000
0.159
0.000
0.000
0.000
0.000
0.000
0.000
0.000
0.279
0.000
0.000
0.000
0.000
0.000
0.000
0.000
0.000
0.000
0.442
0.000
0.000
0.000
0.000
0.000
0.000
0.000
0.000
0.000
0.000
0.247
0.000
0.000
0.000
0.221
0.221
0.000
0.000
0.000
0.000
0.000
0.195
0.195
0.000
0.000
0.000
0.000
0.156
0.000
0.000
0.000
0.143
0.000
0.000
0.130
0.130
0.130
0.000
0.000
0.000
0.000
0.000
0.000
0.288
0.570
0.000
0.000
0.000
0.000
0.000
0.000
0.000
0.000
0.000
0.000
0.000
0.000
0.000
0.000
0.000
0.000
0.000
0.000
0.000
0.161
0.371
0.000
0.000
0.295
0.000
0.000
0.000
0.134
0.000
0.000
0.000
0.494
0.000
0.000
0.000
0.000
0.000
0.000
0.000
0.000
0.000
0.000
0.000
0.000
0.261
0.000
0.000
0.247
0.000
0.233
0.233
0.000
0.000
0.220
0.206
0.206
0.206
0.000
0.000
0.178
0.000
0.165
0.000
0.000
0.151
0.000
0.151
0.000
0.137
0.000
0.000
0.000
0.564
0.000
0.000
0.000
0.000
0.000
0.000
0.000
0.000
0.000
0.000
0.219
0.852
0.000
0.000
0.000
0.389
0.000
0.000
0.000
0.000
0.627
0.614
0.000
0.000
0.000
0.000
0.288
0.000
0.000
0.270
0.000
0.000
0.000
0.000
0.000
0.000
0.000
0.401
0.000
0.000
0.000
0.000
0.288
0.000
0.000
0.000
0.000
0.288
0.000
0.000
0.238
0.000
0.000
0.226
0.213
0.000
0.213
0.201
0.000
0.000
0.188
0.188
0.000
0.188
0.175
0.000
0.000
0.150
0.000
0.000
0.138
0.138
0.138
0.000
0.125
0.125
0.000
0.000
0.000
0.000
0.000
0.000
0.000
0.000
0.000
0.000
0.000
0.000
0.714
0.000
0.000
0.000
0.000
0.000
0.000
0.000
0.000
0.000
0.000
0.000
0.000
0.000
0.000
0.000
0.000
0.000
0.000
0.000
0.000
0.000
0.000
0.000
0.000
0.000
0.000
0.000
0.000
0.000
0.000
0.000
0.000
0.000
0.000
0.000
0.000
0.000
0.000
0.000
0.000
0.000
0.000
0.000
0.000
0.000
0.000
0.000
0.000
0.000
0.000
0.000
0.000
0.000
0.000
0.000
0.000
0.000
0.000
0.000
0.000
0.000
0.000
0.000
0.000
0.000
0.000
0.000
0.000
0.913
0.000
0.000
0.000
0.000
0.000
0.000
0.812
0.000
0.000
0.000
0.710
0.000
0.000
0.000
0.000
0.629
0.000
0.578
0.000
0.000
0.507
0.497
0.000
0.000
0.487
0.000
0.467
0.000
0.000
0.000
0.000
0.416
0.000
0.396
0.000
0.000
0.000
0.000
0.000
0.000
0.000
0.000
0.000
0.294
0.274
0.254
0.203
0.233
0.000
0.000
0.193
0.000
0.183
0.183
0.173
0.173
0.173
0.173
0.162
0.000
0.152
0.152
0.152
0.152
0.142
0.000
0.000
0.122
0.000
0.000
0.112
0.000
0.112
0.000
0.101
0.101
0.101
0.000
0.000
0.000
0.000
0.249
0.000
0.000
0.000
0.231
0.445
0.000
0.000
0.000
0.000
0.000
0.000
0.000
0.358
0.000
0.330
0.318
0.000
0.000
0.283
0.000
0.000
0.000
0.000
0.000
0.000
0.000
0.000
0.000
0.000
0.000
0.000
0.000
0.000
0.000
0.000
0.000
0.000
0.000
0.000
0.000
0.000
0.000
0.000
0.000
0.000
0.000
0.000
0.110
0.000
0.000
0.000
0.000
0.000
0.000
0.000
0.092
0.000
0.000
0.087
0.000
0.000
0.000
0.000
0.069
0.069
0.000
0.000
0.000
0.000
0.000
0.000
0.058
0.058
0.000
0.000
0.697
0.000
0.000
0.000
0.658
0.000
0.000
0.000
0.298
0.000
0.000
0.000
0.000
0.000
0.000
0.000
0.000
0.000
0.000
0.000
0.000
0.000
0.000
0.000
0.000
0.000
0.000
0.000
0.000
0.000
0.000
0.000
0.000
0.000
0.151
0.000
0.000
0.000
0.279
0.000
0.000
0.000
0.000
0.000
0.000
0.000
0.000
0.000
0.000
0.000
0.155
0.147
0.000
0.000
0.139
0.132
0.000
0.000
0.000
0.124
0.000
0.000
0.116
0.116
0.000
0.000
0.000
0.000
0.093
0.000
0.000
0.085
0.000
0.000
0.000
0.077
0.077
0.000
0.000
0.000
0.000
0.000
0.000
0.000
0.140
0.000
0.534
0.000
0.000
0.000
0.000
0.454
0.000
0.000
0.421
0.414
0.000
0.000
0.000
0.000
0.000
0.327
0.000
0.000
0.000
0.000
0.000
0.000
0.000
0.000
0.000
0.000
0.000
0.000
0.000
0.000
0.000
0.000
0.000
0.000
0.000
0.000
0.000
0.000
0.000
0.000
0.154
0.000
0.000
0.000
0.127
0.000
0.120
0.000
0.000
0.000
0.000
0.114
0.107
0.000
0.000
0.100
0.100
0.100
0.094
0.000
0.080
0.080
0.080
0.073
0.073
0.073
0.073
0.000
0.067
0.000
0.000
0.000
