0.000
0.000
0.000
0.000
0.000
0.040
0.000
0.190
0.000
0.000
0.000
0.033
0.000
0.000
0.000
0.147
0.000
0.000
0.027
0.000
0.000
0.000
0.023
0.000
0.023
0.000
0.000
0.000
0.000
0.000
0.000
0.200
0.000
0.000
0.185
0.000
0.181
0.000
0.000
0.166
0.000
0.000
0.000
0.000
0.000
0.000
0.000
0.000
0.000
0.000
0.000
0.009
0.090
0.000
0.000
0.000
0.000
0.000
0.000
0.000
0.000
0.000
0.000
0.000
0.007
0.000
0.000
0.000
0.006
0.000
0.000
0.000
0.000
0.000
0.000
0.005
0.000
0.000
0.000
1.114
0.000
0.000
0.000
0.000
0.000
0.103
0.099
0.095
0.000
0.000
0.087
0.000
0.000
0.000
0.078
0.077
0.000
0.000
0.068
0.000
0.000
0.606
0.000
0.000
0.000
0.000
0.000
0.000
0.000
0.053
0.000
0.000
0.000
0.000
0.047
0.000
0.000
0.000
0.000
0.000
0.000
0.000
0.000
0.000
0.000
0.000
0.000
0.000
0.000
0.124
0.235
0.000
0.223
0.000
0.000
0.105
0.000
0.105
0.000
0.099
0.186
0.000
0.000
0.093
0.000
0.000
0.000
0.000
0.000
0.000
0.000
0.136
0.136
0.000
0.124
0.124
0.124
0.000
0.000
0.000
0.000
0.000
0.000
0.000
0.000
0.000
0.000
0.000
0.000
0.000
0.127
0.000
0.000
0.118
0.116
0.000
0.000
0.000
0.000
0.000
0.000
0.000
0.092
0.000
0.000
0.000
0.000
0.000
0.000
0.000
0.000
0.000
0.000
0.000
0.000
0.000
0.000
0.000
0.000
0.000
0.000
0.000
0.000
0.000
0.000
0.000
0.000
0.000
0.000
0.071
0.000
0.000
0.067
0.000
0.000
0.000
0.064
0.000
0.000
0.056
0.000
0.000
0.000
0.000
0.000
0.000
0.000
0.000
0.000
0.041
0.041
0.041
0.000
0.000
0.000
0.000
0.000
0.000
0.000
0.000
0.000
0.000
0.000
0.554
0.000
0.000
0.000
0.000
0.233
0.000
0.000
0.000
0.000
0.000
0.000
0.000
0.000
0.000
0.000
0.000
0.000
0.000
0.000
0.157
0.000
0.000
0.000
0.143
0.000
0.137
0.000
0.000
0.000
0.000
0.000
0.480
0.000
0.000
0.000
0.000
0.000
0.000
0.000
0.000
0.000
0.000
0.000
0.000
0.000
0.000
0.000
0.000
0.000
0.227
0.000
0.000
0.000
0.000
0.000
0.000
0.000
0.200
0.187
0.000
0.000
0.160
0.160
0.000
0.000
0.000
0.147
0.000
0.133
0.133
0.133
0.000
0.000
0.000
0.000
0.000
0.000
0.000
0.000
0.000
0.000
0.000
0.000
0.000
0.269
0.265
0.000
0.000
0.000
0.000
0.045
0.000
0.000
0.000
0.039
0.000
0.000
0.000
0.000
0.000
0.000
0.000
0.000
0.000
0.000
0.000
0.000
0.000
0.000
0.000
0.000
0.000
0.000
0.000
0.000
0.000
0.000
0.000
0.000
0.182
0.000
0.000
0.000
0.150
0.000
0.000
0.000
0.000
0.000
0.000
0.000
0.000
0.000
0.119
0.000
0.030
0.000
0.000
0.000
0.000
0.000
0.000
0.087
0.000
0.000
0.087
0.000
0.040
0.000
0.000
0.000
0.000
0.000
0.000
0.000
0.000
0.000
0.677
0.000
0.000
0.000
0.000
0.143
0.000
0.000
0.000
0.514
0.000
0.000
0.233
0.000
0.000
0.000
0.000
0.000
0.000
0.000
0.384
0.000
0.000
0.000
0.351
0.000
0.000
0.000
0.000
0.000
0.000
0.000
0.000
0.000
0.000
0.000
0.000
0.000
0.000
0.000
0.000
0.000
0.000
0.000
0.000
0.155
0.000
0.000
0.000
0.139
0.000
0.000
0.139
0.000
0.000
0.000
0.000
0.122
0.122
0.114
0.000
0.098
0.098
0.098
0.000
0.000
0.090
0.022
0.000
0.082
0.082
0.000
0.000
0.000
0.000
0.000
0.000
0.000
0.000
0.000
0.000
0.000
0.000
0.000
0.000
0.000
0.000
0.000
0.000
0.000
0.000
0.000
0.000
0.000
0.000
0.050
0.000
0.000
0.000
0.000
0.000
0.000
0.000
0.000
0.000
0.000
0.000
0.000
0.000
0.000
0.000
0.000
0.000
0.000
0.000
0.000
0.000
0.000
0.000
0.000
0.000
0.000
0.000
0.000
0.000
0.000
0.000
0.000
0.175
0.000
0.175
0.000
0.000
0.000
0.154
0.154
0.154
0.000
0.144
0.000
0.000
0.000
0.000
0.000
0.000
0.000
0.113
0.000
0.103
0.103
0.000
0.000
0.000
0.000
0.000
0.554
0.000
0.000
0.000
0.000
0.000
0.000
0.000
0.000
0.000
0.000
0.000
0.406
0.000
0.000
0.000
0.000
0.000
0.000
0.000
0.000
0.000
0.000
0.000
0.000
0.000
0.000
0.000
0.000
0.000
0.000
0.000
0.000
0.000
0.000
0.023
0.000
0.000
0.000
0.000
0.000
0.000
0.000
0.000
0.000
0.000
0.000
0.000
0.031
0.000
0.000
0.029
0.011
0.000
0.000
0.000
0.000
0.000
0.000
0.000
0.000
0.000
0.000
0.000
0.000
0.000
0.000
0.000
0.000
0.000
0.000
0.000
0.064
0.064
0.000
0.000
0.000
0.000
0.000
1.002
0.000
0.979
0.967
0.466
0.000
0.000
0.000
0.816
0.793
0.000
0.000
0.373
0.000
0.000
0.000
0.641
0.618
0.000
0.000
0.000
0.000
0.000
0.548
0.536
0.000
0.000
0.501
0.000
0.000
0.000
0.000
0.000
0.000
0.000
0.000
0.000
0.000
0.000
0.000
0.000
0.000
0.000
0.000
0.000
0.000
0.000
0.000
0.221
0.000
0.000
0.210
0.000
0.000
0.198
0.198
0.000
0.000
0.000
0.175
0.175
0.000
0.000
0.000
0.000
0.000
0.140
0.000
0.128
0.000
0.128
0.000
0.117
0.117
0.000
0.000
0.000
0.000
0.274
0.000
0.000
0.265
0.000
0.000
0.000
0.000
0.000
0.000
0.000
0.000
0.000
0.000
0.000
0.000
0.180
0.000
0.000
0.000
0.154
0.000
0.000
0.000
0.000
0.000
0.000
0.000
0.271
0.000
0.000
0.000
0.000
0.000
0.000
0.000
0.000
0.000
0.000
0.000
0.000
0.000
0.000
0.000
0.000
0.000
0.000
0.000
0.000
0.120
0.000
0.000
0.000
0.000
0.000
0.000
0.000
0.000
0.000
0.000
0.000
0.095
0.000
0.000
0.000
0.000
0.076
0.000
0.000
0.000
0.000
0.000
0.000
0.000
0.063
0.000
0.000
0.000
0.093
0.000
0.000
0.000
0.000
0.000
0.000
0.000
0.000
0.773
0.000
0.000
0.000
0.000
0.000
0.000
0.159
0.000
0.000
0.000
0.000
0.052
0.000
0.000
0.000
0.000
0.000
0.000
0.000
0.000
0.000
0.000
0.000
0.000
0.000
0.000
0.000
0.000
0.000
0.000
0.000
0.000
0.000
0.000
0.000
0.000
0.000
0.000
0.000
0.000
0.000
0.000
0.000
0.000
0.000
0.000
0.000
0.000
0.000
0.169
0.000
0.000
0.000
0.000
0.000
0.000
0.000
0.000
0.000
0.000
0.000
0.000
0.000
0.000
0.000
0.000
0.000
0.000
0.000
0.000
0.000
0.199
0.000
0.000
0.000
0.380
0.000
0.000
0.000
0.000
0.000
0.000
0.308
0.000
0.294
0.000
0.000
0.000
0.000
0.000
0.000
0.233
0.233
0.000
0.000
0.000
0.000
0.000
0.000
0.000
0.000
0.000
0.000
0.000
0.000
0.000
0.000
0.000
0.000
0.000
0.000
0.000
0.000
0.000
0.000
0.109
0.000
0.000
0.095
0.090
0.000
0.085
0.085
0.000
0.000
0.000
0.000
0.000
0.000
0.000
0.000
0.071
0.000
0.000
0.000
0.000
0.057
0.057
0.000
0.000
0.000
0.000
0.000
0.047
0.000
0.000
0.000
0.086
0.000
0.000
0.082
0.000
0.000
0.000
0.191
0.368
0.717
0.000
0.000
0.000
0.000
0.621
0.000
0.296
0.000
0.000
0.000
0.000
0.478
0.000
0.000
0.000
0.000
0.000
0.000
0.000
0.000
0.000
0.000
0.000
0.000
0.373
0.000
0.000
0.000
0.000
0.000
0.000
0.000
0.000
0.000
0.000
0.000
0.000
0.220
0.000
0.000
0.000
0.182
0.000
0.000
0.000
0.000
0.162
0.000
0.000
0.000
0.000
0.000
0.000
0.000
0.000
0.000
0.000
0.115
0.000
0.000
0.000
0.000
0.000
0.000
0.000
0.096
0.096
0.000
0.000
0.000
0.000
0.000
0.000
0.000
0.000
0.000
0.406
0.000
0.386
0.000
0.000
0.690
0.000
0.659
0.315
0.000
0.000
0.578
0.000
0.000
0.507
0.000
0.000
0.254
0.000
0.000
0.000
0.000
0.000
0.000
0.000
0.000
0.000
0.000
0.000
0.000
0.000
0.000
0.000
0.000
0.000
0.000
0.000
0.000
0.000
0.000
0.000
0.000
0.000
0.000
0.193
0.000
0.000
0.000
0.000
0.000
0.000
0.000
0.000
0.162
0.000
0.000
0.000
0.000
0.000
0.000
0.122
0.000
0.000
0.000
0.000
0.000
0.000
0.000
0.101
0.000
0.000
0.000
0.000
0.000
0.000
0.000
0.000
0.916
0.000
0.000
0.000
0.763
0.000
0.000
0.000
0.000
0.000
0.676
1.352
0.000
0.000
0.000
0.000
0.000
0.000
0.000
0.000
0.000
0.000
0.000
0.000
0.000
0.000
0.000
0.000
0.000
0.000
0.000
0.000
0.000
0.000
0.000
0.000
0.000
0.000
0.000
0.000
0.000
0.000
0.501
0.000
0.000
0.000
0.414
0.000
0.000
0.000
0.000
0.371
0.000
0.000
0.000
0.000
0.000
0.000
0.327
0.000
0.000
0.000
0.000
0.262
0.000
0.000
0.000
0.000
0.240
0.000
0.218
0.000
0.218
0.000
0.000
0.000
0.000
0.000
0.000
0.000
0.000
1.049
0.000
0.000
0.000
0.000
0.000
0.000
0.852
0.000
0.000
0.000
0.000
0.000
0.000
0.000
0.000
0.064
0.000
0.000
0.000
0.000
0.000
0.000
0.000
0.000
0.000
0.000
0.000
0.000
0.000
0.000
0.000
0.000
0.000
0.000
0.000
0.000
0.000
0.000
0.000
0.000
0.000
0.000
0.000
0.000
0.000
0.000
0.118
0.000
0.000
0.000
0.000
0.000
0.000
0.000
0.098
0.098
0.000
0.000
0.000
0.000
0.157
0.000
0.000
0.000
0.000
0.144
0.000
0.131
0.131
0.000
0.000
0.000
0.000
0.000
0.000
0.000
0.000
0.000
0.000
0.000
0.000
0.000
0.000
0.000
0.000
0.000
0.059
0.577
0.000
0.000
0.000
0.000
0.000
0.000
0.000
0.000
0.000
0.000
0.000
0.000
0.000
0.000
0.000
0.382
0.000
0.000
0.000
0.000
0.000
0.000
0.000
0.000
0.000
0.000
0.000
0.000
0.000
0.000
0.000
0.000
0.000
0.000
0.177
0.000
0.000
0.168
0.000
0.000
0.000
0.000
0.000
0.000
0.140
0.000
0.000
0.000
0.000
0.000
0.000
0.000
0.000
0.000
0.000
0.000
0.000
0.000
0.093
0.093
0.093
0.093
0.000
0.000
0.000
0.000
0.000
0.000
0.000
0.000
0.000
0.000
1.062
0.000
0.000
0.000
0.000
0.917
0.000
0.873
0.000
0.000
0.000
0.000
0.000
0.000
0.000
0.000
0.000
0.000
0.000
0.000
0.000
0.000
0.000
0.000
0.000
0.000
0.000
0.000
0.000
0.000
0.000
0.000
0.000
0.000
0.000
0.000
0.000
0.000
0.000
0.000
0.000
0.277
0.000
0.000
0.000
0.000
0.000
0.000
0.000
0.000
0.233
0.000
0.000
0.218
0.000
0.000
0.000
0.000
0.000
0.000
0.000
0.000
0.000
0.000
0.000
0.000
0.000
0.000
0.000
0.000
0.000
0.000
0.000
0.087
0.000
0.212
0.000
0.000
0.000
0.000
0.072
0.000
0.000
0.000
0.000
0.000
0.000
0.000
0.000
0.000
0.000
0.501
0.000
0.000
0.000
0.048
0.000
0.000
0.000
0.000
0.000
0.000
0.000
0.000
0.000
0.000
0.000
0.368
0.000
0.000
0.000
0.000
0.000
0.000
0.000
0.000
0.000
0.000
0.000
0.000
0.194
0.000
0.000
0.000
0.174
0.000
0.000
0.000
0.000
0.000
0.000
0.154
0.000
0.000
0.143
0.000
0.000
0.123
0.000
0.000
0.113
0.000
0.000
0.000
0.102
0.000
0.000
0.000
0.000
0.000
0.000
0.000
0.000
0.000
0.000
0.000
0.000
0.000
0.000
0.933
0.000
0.000
0.000
0.840
0.827
0.000
0.000
0.000
0.000
0.000
0.000
0.000
0.000
0.000
0.627
0.000
0.000
0.000
0.573
0.000
0.000
0.000
0.000
0.507
0.000
0.000
0.000
0.000
0.000
0.000
0.000
0.000
0.000
0.360
0.000
0.307
0.000
0.000
0.000
0.000
0.000
0.000
0.000
0.000
0.000
0.000
0.000
0.000
0.000
0.000
0.000
0.200
0.000
0.000
0.000
0.000
0.000
0.000
0.000
0.000
0.147
0.147
0.000
0.000
0.133
0.000
0.000
0.000
0.000
0.000
0.000
0.000
0.000
0.678
0.654
0.000
0.000
0.596
0.000
0.000
0.000
0.000
0.515
0.000
0.000
0.466
0.000
0.000
0.409
0.000
0.400
0.000
0.000
0.000
0.000
0.000
0.000
0.351
0.000
0.000
0.000
0.000
0.000
0.000
0.000
0.000
0.000
0.000
0.000
0.000
0.000
0.000
0.000
0.204
0.188
0.000
0.000
0.000
0.155
0.000
0.000
0.000
0.000
0.000
0.000
0.000
0.000
0.000
0.123
0.000
0.123
0.000
0.000
0.000
0.000
0.098
0.000
0.000
0.000
0.090
0.090
0.000
0.000
0.082
0.000
0.000
0.000
0.000
0.000
0.420
0.000
0.000
0.000
0.000
0.376
0.000
0.000
0.000
0.000
0.000
0.317
0.308
0.303
0.000
0.000
0.000
0.000
0.000
0.000
0.000
0.000
0.000
0.000
0.000
0.000
0.000
0.000
0.000
0.000
0.000
0.000
0.000
0.000
0.000
0.000
0.000
0.000
0.000
0.000
0.000
0.000
0.000
0.000
0.000
0.000
0.000
0.000
0.093
0.000
0.000
0.000
0.000
0.000
0.000
0.000
0.000
0.000
0.000
0.000
0.073
0.000
0.000
0.000
0.000
0.000
0.000
0.000
0.000
0.000
0.000
0.000
0.049
0.000
0.000
0.000
0.241
0.000
0.000
0.000
0.909
0.000
0.222
0.214
0.000
0.000
0.000
0.187
0.000
0.000
0.000
0.674
0.166
0.000
0.152
0.000
0.000
0.000
0.524
0.524
0.000
0.000
0.126
0.123
0.000
0.000
0.115
0.000
0.000
0.000
0.000
0.000
0.000
0.000
0.096
0.000
0.000
0.000
0.000
0.000
0.000
0.000
0.000
0.246
0.000
0.000
0.000
0.000
0.000
0.000
0.000
0.000
0.000
0.182
0.182
0.000
0.000
0.000
0.000
0.160
0.160
0.150
0.000
0.000
0.128
0.000
0.000
0.000
0.000
0.000
0.000
0.107
0.107
0.000
0.000
0.000
0.000
0.000
0.000
0.000
0.000
0.000
0.000
0.000
0.000
0.524
0.000
0.000
0.000
0.000
0.000
0.000
0.000
0.000
0.000
0.000
0.000
0.352
0.000
0.000
0.000
0.000
0.000
0.000
0.000
0.000
0.000
0.000
0.000
0.000
0.000
0.000
0.000
0.000
0.000
0.000
0.000
0.000
0.000
0.000
0.000
0.000
0.000
0.165
0.000
0.000
0.000
0.000
0.000
0.000
0.122
0.000
0.000
0.000
0.000
0.000
0.000
0.000
0.000
0.000
0.000
0.000
0.000
0.086
0.000
0.000
0.000
0.000
0.000
0.000
0.000
0.000
0.000
0.000
0.000
0.000
0.000
0.000
0.000
0.000
0.000
0.448
0.426
0.000
0.000
0.196
0.000
0.000
0.000
0.348
0.336
0.000
0.000
0.000
0.000
0.280
0.549
0.000
0.000
0.000
0.000
0.000
0.000
0.000
0.482
0.000
0.000
0.000
0.000
0.426
0.000
0.000
0.000
0.000
0.381
0.359
0.000
0.000
0.000
0.000
0.000
0.258
0.000
0.000
0.000
0.213
0.213
0.000
0.202
0.000
0.000
0.191
0.191
0.000
0.000
0.000
0.168
0.168
0.168
0.157
0.146
0.135
0.135
0.000
0.000
0.000
0.000
0.123
0.000
0.112
0.000
0.000
0.000
0.000
0.000
0.000
0.000
0.000
0.000
0.949
0.915
0.000
0.000
0.417
0.000
0.000
0.000
0.000
0.720
0.000
0.000
0.652
0.000
0.000
0.572
0.140
0.560
0.000
0.000
0.134
0.000
0.000
0.000
0.000
0.000
0.000
0.000
0.000
0.434
0.000
0.000
0.000
0.000
0.000
0.366
0.000
0.000
0.000
0.000
0.286
0.000
0.000
0.000
0.000
0.000
0.000
0.000
0.000
0.000
0.000
0.000
0.000
0.000
0.000
0.000
0.000
0.000
0.171
0.000
0.000
0.137
0.137
0.137
0.000
0.126
0.000
0.126
0.000
0.114
0.114
0.000
0.000
0.000
0.000
0.000
0.000
0.000
0.000
0.000
0.000
0.000
0.000
0.000
0.095
0.000
0.000
0.000
0.000
0.000
0.000
0.000
0.000
0.000
0.000
0.000
0.000
0.000
0.000
0.000
0.000
0.000
0.000
0.000
0.000
0.000
0.000
0.000
0.000
0.000
0.000
0.000
0.000
0.000
0.000
0.000
0.000
0.000
0.000
0.000
0.000
0.000
0.000
0.000
0.258
0.000
0.000
0.000
0.000
0.000
0.000
0.000
0.000
0.000
0.000
0.000
0.204
0.000
0.000
0.000
0.000
0.163
0.000
0.000
0.000
0.000
0.149
0.000
0.000
0.000
0.000
0.000
0.000
0.000
0.000
0.000
0.000
0.000
0.000
0.000
0.000
0.000
0.000
0.000
0.000
0.000
0.000
0.000
0.000
0.000
0.466
0.450
0.000
0.000
0.000
0.000
0.000
0.000
0.000
0.000
0.000
0.000
0.000
0.000
0.000
0.000
0.000
0.000
0.000
0.000
0.000
0.000
0.000
0.000
0.000
0.000
0.000
0.000
0.000
0.376
0.000
0.000
0.000
0.000
0.000
0.000
0.294
0.000
0.000
0.000
0.000
0.000
0.000
0.000
0.245
0.245
0.245
0.000
0.000
0.000
0.196
0.196
0.000
0.000
0.000
0.000
0.000
0.164
0.000
0.000
0.000
0.000
0.000
0.000
0.000
0.000
0.000
0.000
0.461
0.000
0.000
0.000
0.000
0.000
0.000
0.000
0.645
0.000
0.000
0.583
0.000
0.000
0.000
0.502
0.502
0.000
0.000
0.000
0.000
0.461
0.000
0.000
0.000
0.000
0.000
0.000
0.000
0.000
0.000
0.000
0.000
0.000
0.000
0.000
0.000
0.000
0.000
0.256
0.000
0.000
0.000
0.000
0.194
0.000
0.000
0.000
0.000
0.000
0.000
0.000
0.000
0.000
0.000
0.000
0.154
0.154
0.000
0.000
0.000
0.123
0.123
0.000
0.000
0.000
0.000
0.000
0.102
0.102
0.000
0.000
0.000
0.000
0.000
0.000
0.056
0.000
0.000
0.000
0.000
0.000
0.000
0.046
0.045
0.044
0.000
0.198
0.000
0.000
0.000
0.000
0.000
0.000
0.000
0.000
0.000
0.000
0.000
0.000
0.000
0.000
0.000
0.000
0.000
0.000
0.000
0.000
0.000
0.000
0.000
0.000
0.000
0.000
0.000
0.000
0.000
0.000
0.000
0.000
0.000
0.000
0.000
0.125
0.000
0.000
0.000
0.000
0.000
0.000
0.000
0.000
0.000
0.000
0.000
0.000
0.000
0.000
0.000
0.000
0.079
0.000
0.000
0.000
0.000
0.000
0.000
0.066
0.066
0.066
0.000
0.000
0.000
0.000
0.000
0.000
0.000
0.000
0.000
0.000
0.000
0.000
0.000
0.000
0.000
0.000
0.534
0.526
0.000
0.000
0.000
0.000
0.000
0.000
0.000
0.000
0.000
0.000
0.000
0.000
0.000
0.000
0.000
0.000
0.000
0.000
0.000
0.000
0.000
0.000
0.000
0.000
0.271
0.000
0.000
0.000
0.000
0.000
0.000
0.000
0.000
0.000
0.161
0.000
0.000
0.000
0.000
0.000
0.000
0.000
0.000
0.000
0.000
0.000
0.000
0.000
0.000
0.000
0.000
0.102
0.000
0.000
0.000
0.000
0.000
0.000
0.085
0.085
0.085
0.000
0.000
0.000
0.000
0.000
0.000
0.000
0.000
0.669
0.000
0.000
0.000
0.000
0.000
0.000
0.000
0.527
0.519
0.000
0.000
0.000
0.000
0.000
0.000
0.000
0.000
0.000
0.000
0.000
0.000
0.000
0.000
0.000
0.000
0.000
0.000
0.000
0.000
0.000
0.000
0.000
0.000
0.000
0.000
0.000
0.000
0.000
0.000
0.000
0.000
0.000
0.000
0.159
0.000
0.000
0.000
0.000
0.000
0.000
0.000
0.000
0.000
0.000
0.000
0.000
0.000
0.000
0.000
0.000
0.100
0.000
0.000
0.092
0.092
0.000
0.000
0.084
0.000
0.000
0.000
0.000
0.000
0.000
0.000
0.000
0.000
0.000
0.880
0.000
0.825
0.000
0.000
0.000
0.000
0.000
0.000
0.682
0.000
0.000
0.000
0.583
0.000
0.539
0.000
0.539
0.000
0.000
0.000
0.000
0.000
0.000
0.000
0.000
0.000
0.000
0.000
0.000
0.000
0.396
0.000
0.000
0.000
0.000
0.000
0.000
0.000
0.000
0.000
0.000
0.000
0.000
0.209
0.000
0.198
0.000
0.000
0.187
0.000
0.000
0.000
0.000
0.000
0.000
0.000
0.000
0.000
0.000
0.132
0.000
0.132
0.000
0.000
0.000
0.000
0.000
0.110
0.110
0.000
0.000
0.117
0.000
0.000
0.000
0.000
0.000
0.546
0.000
0.000
0.000
0.000
0.091
0.883
0.870
0.000
0.390
0.403
0.000
0.370
0.000
0.000
0.650
0.318
0.000
0.000
0.000
0.325
0.060
0.000
0.000
0.260
0.000
0.000
0.000
0.507
0.000
0.000
0.000
0.234
0.000
0.000
0.000
0.000
0.000
0.000
0.000
0.000
0.299
0.000
0.000
0.000
0.247
0.000
0.000
0.234
0.221
0.000
0.000
0.000
0.000
0.000
0.000
0.195
0.195
0.195
0.182
0.000
0.000
0.156
0.000
0.000
0.143
0.143
0.143
0.000
0.000
0.130
0.000
0.000
0.000
0.000
0.000
0.000
0.000
0.000
0.000
0.000
0.000
0.000
0.000
0.000
0.000
0.000
0.000
0.000
0.000
0.000
0.000
0.000
0.000
0.000
0.000
0.000
0.000
0.000
0.000
0.000
0.000
0.000
0.000
0.000
0.000
0.000
0.000
0.000
0.000
0.000
0.000
0.000
0.000
0.000
0.000
0.000
0.000
0.000
0.000
0.000
0.000
0.000
0.000
0.427
0.000
0.000
0.000
0.000
0.000
0.000
0.000
0.000
0.000
0.000
0.000
0.337
0.000
0.000
0.000
0.000
0.000
0.000
0.000
0.000
0.000
0.000
0.225
0.225
0.000
0.000
0.000
0.401
0.000
0.774
0.000
0.383
0.000
0.356
0.000
0.000
0.000
0.000
0.000
0.000
0.000
0.000
0.561
0.552
0.000
0.507
0.000
0.000
0.445
0.436
0.000
0.000
0.427
0.178
0.178
0.000
0.000
0.178
0.000
0.365
0.000
0.174
0.338
0.000
0.000
0.000
0.000
0.000
0.285
0.000
0.000
0.000
0.000
0.223
0.205
0.000
0.000
0.178
0.169
0.000
0.000
0.000
0.151
0.000
0.151
0.151
0.000
0.000
0.134
0.134
0.134
0.134
0.125
0.000
0.000
0.107
0.107
0.000
0.000
0.098
0.098
0.000
0.089
0.089
0.089
0.000
0.000
0.000
0.000
0.000
0.000
0.000
0.187
0.000
0.000
0.000
0.000
0.000
0.000
0.000
0.000
0.295
0.000
0.000
0.000
0.000
0.000
0.000
0.229
0.000
0.000
0.000
0.000
0.215
0.000
0.000
0.094
0.000
0.000
0.000
0.000
0.000
0.000
0.000
0.168
0.000
0.000
0.000
0.000
0.000
0.000
0.000
0.000
0.108
0.000
0.000
0.000
0.089
0.000
0.000
0.000
0.079
0.000
0.000
0.000
0.000
0.075
0.000
0.070
0.000
0.070
0.000
0.000
0.056
0.056
0.056
0.000
0.000
0.000
0.051
0.047
0.000
0.047
0.047
0.000
0.000
0.000
0.000
0.000
0.000
0.000
0.000
0.000
0.000
0.000
0.000
0.187
0.364
0.000
0.000
0.337
0.171
0.000
0.000
0.000
0.000
0.000
0.000
0.000
0.000
0.000
0.000
0.000
0.000
0.000
0.230
0.000
0.000
0.000
0.000
0.000
0.000
0.000
0.000
0.000
0.000
0.171
0.000
0.000
0.000
0.000
0.000
0.000
0.000
0.000
0.000
0.000
0.000
0.000
0.000
0.000
0.000
0.000
0.000
0.000
0.086
0.080
0.000
0.000
0.000
0.000
0.000
0.000
0.064
0.000
0.000
0.000
0.000
0.000
0.053
0.053
0.000
0.000
0.000
0.000
0.000
0.000
0.000
0.000
0.000
0.831
0.000
0.000
0.000
0.000
0.000
0.727
0.000
0.000
0.665
0.623
0.000
1.184
0.000
0.000
0.000
0.000
0.000
1.018
0.000
0.000
0.000
0.000
0.000
0.415
0.000
0.000
0.000
0.000
0.000
0.000
0.000
0.000
0.000
0.000
0.000
0.000
0.000
0.000
0.000
0.000
0.478
0.000
0.000
0.000
0.000
0.000
0.374
0.374
0.000
0.000
0.000
0.000
0.000
0.000
0.000
0.000
0.000
0.312
0.291
0.000
0.000
0.249
0.000
0.000
0.000
0.228
0.000
0.000
0.208
0.208
0.000
0.000
0.000
0.000
0.000
0.000
0.000
0.000
0.000
0.000
0.000
0.000
0.733
0.000
0.000
0.000
0.000
0.000
0.000
0.000
0.000
0.000
0.000
0.000
0.492
0.000
0.000
0.000
0.000
0.462
0.000
0.000
0.201
0.000
0.412
0.000
0.000
0.000
0.000
0.000
0.000
0.000
0.000
0.000
0.000
0.000
0.000
0.000
0.000
0.000
0.000
0.000
0.000
0.191
0.000
0.000
0.000
0.000
0.171
0.000
0.000
0.000
0.000
0.000
0.000
0.151
0.000
0.141
0.000
0.000
0.121
0.000
0.000
0.110
0.110
0.000
0.100
0.100
0.000
0.000
0.000
0.099
0.000
0.000
0.000
0.000
0.000
0.000
0.000
0.000
0.000
0.000
0.767
0.000
0.000
0.000
0.691
0.068
0.000
0.000
0.000
0.000
0.548
0.537
0.000
0.537
0.000
0.000
0.504
0.000
0.000
0.471
0.000
0.449
0.000
0.107
0.000
0.000
0.000
0.395
0.000
0.000
0.000
0.000
0.000
0.000
0.296
0.274
0.252
0.252
0.000
0.000
0.208
0.000
0.000
0.197
0.186
0.000
0.000
0.000
0.175
0.000
0.164
0.164
0.164
0.164
0.000
0.000
0.000
0.132
0.000
0.000
0.000
0.000
0.121
0.000
0.110
0.110
0.000
0.000
0.000
0.000
0.000
0.000
0.000
0.000
0.000
0.000
0.000
0.000
0.000
0.000
0.520
0.000
0.000
0.000
0.000
0.000
0.000
0.000
0.000
0.000
0.000
0.000
0.000
0.000
0.000
0.000
0.000
0.000
0.329
0.000
0.313
0.000
0.000
0.000
0.000
0.000
0.275
0.000
0.260
0.000
0.229
0.000
0.000
0.000
0.000
0.000
0.000
0.000
0.153
0.145
0.000
0.000
0.000
0.000
0.000
0.000
0.130
0.000
0.000
0.000
0.115
0.115
0.115
0.000
0.000
0.000
0.092
0.000
0.000
0.084
0.000
0.000
0.000
0.000
0.076
0.000
0.000
0.000
0.000
0.000
0.000
0.000
0.000
0.000
0.000
0.000
0.000
0.000
0.000
0.000
0.000
0.000
0.000
0.196
0.000
0.000
0.000
0.000
0.000
0.000
0.000
0.000
0.000
0.000
0.291
0.000
0.000
0.000
0.000
0.000
0.000
0.000
0.000
0.000
0.000
0.000
0.000
0.000
0.000
0.000
0.000
0.183
0.000
0.000
0.145
0.000
0.000
0.000
0.120
0.000
0.000
0.114
0.000
0.000
0.108
0.000
0.000
0.101
0.095
0.095
0.095
0.095
0.000
0.000
0.000
0.076
0.000
0.000
0.070
0.000
0.070
0.000
0.063
0.063
0.000
0.000
0.000
0.000
0.000
0.000
0.000
0.000
0.000
0.000
0.000
0.000
0.000
0.064
0.000
0.000
0.000
0.143
0.141
0.000
0.000
0.000
0.000
0.000
0.445
0.000
0.000
0.000
0.000
0.000
0.000
0.000
0.390
0.000
0.000
0.000
0.000
0.000
0.000
0.000
0.000
0.000
0.000
0.000
0.000
0.000
0.000
0.000
0.000
0.000
0.000
0.000
0.000
0.172
0.000
0.000
0.000
0.000
0.000
0.000
0.000
0.145
0.000
0.000
0.136
0.136
0.000
0.000
0.000
0.109
0.109
0.000
0.000
0.000
0.000
0.000
0.000
0.091
0.091
0.091
0.000
0.113
0.000
0.000
0.000
0.000
0.000
0.000
0.000
0.000
0.000
0.092
0.000
0.000
0.000
0.000
0.079
0.078
0.000
0.000
0.000
0.000
0.063
0.025
0.000
0.000
0.000
0.000
0.000
0.000
0.000
0.000
0.000
0.000
0.000
0.000
0.000
0.000
0.000
0.000
0.000
0.000
0.000
0.000
0.000
0.000
0.000
0.000
0.288
0.288
0.000
0.251
0.238
0.000
0.000
0.226
0.000
0.213
0.213
0.000
0.201
0.201
0.000
0.188
0.188
0.188
0.175
0.000
0.000
0.150
0.000
0.000
0.138
0.138
0.138
0.000
0.125
0.125
0.125
0.000
0.419
0.000
0.810
0.000
0.792
0.782
0.000
0.000
0.000
0.000
0.000
0.652
0.633
0.000
0.000
0.587
0.577
0.000
0.265
0.000
0.000
0.466
0.345
0.000
0.000
0.000
0.000
0.298
0.000
0.000
0.307
0.233
0.000
0.000
0.000
0.000
0.000
0.000
0.034
0.000
0.000
0.000
0.000
0.233
0.000
0.196
0.000
0.186
0.214
0.000
0.000
0.177
0.000
0.168
0.168
0.158
0.158
0.000
0.000
0.149
0.149
0.140
0.140
0.140
0.000
0.000
0.121
0.112
0.112
0.000
0.000
0.102
0.000
0.102
0.000
0.093
0.000
0.093
0.000
0.000
0.000
0.000
0.202
0.000
0.000
0.000
0.000
0.000
0.000
0.000
0.000
0.640
0.000
0.000
0.148
0.000
0.000
0.000
0.000
0.000
0.000
0.115
0.000
0.000
0.000
0.000
0.000
0.000
0.000
0.202
0.000
0.000
0.000
0.000
0.000
0.000
0.000
0.000
0.000
0.320
0.000
0.000
0.000
0.000
0.000
0.000
0.000
0.000
0.000
0.000
0.179
0.000
0.000
0.000
0.160
0.160
0.000
0.000
0.000
0.000
0.000
0.141
0.141
0.000
0.000
0.000
0.000
0.113
0.000
0.000
0.000
0.103
0.000
0.000
0.094
0.094
0.094
0.000
0.000
0.000
0.000
0.000
0.000
0.149
0.293
0.000
0.000
0.000
0.000
0.000
0.000
0.000
0.000
0.000
0.000
0.000
0.000
0.000
0.000
0.000
0.000
0.000
0.000
0.000
0.083
0.191
0.000
0.000
0.152
0.000
0.000
0.000
0.069
0.000
0.000
0.000
0.255
0.000
0.000
0.000
0.000
0.000
0.000
0.000
0.000
0.000
0.000
0.000
0.000
0.134
0.000
0.000
0.127
0.000
0.120
0.120
0.000
0.000
0.113
0.106
0.106
0.106
0.000
0.000
0.092
0.000
0.085
0.000
0.000
0.078
0.000
0.078
0.000
0.071
0.000
0.000
0.000
0.471
0.000
0.000
0.000
0.000
0.000
0.000
0.000
0.000
0.000
0.000
0.183
0.712
0.000
0.000
0.000
0.324
0.000
0.000
0.000
0.000
0.523
0.513
0.000
0.000
0.000
0.000
0.241
0.000
0.000
0.225
0.000
0.000
0.000
0.000
0.000
0.000
0.000
0.335
0.000
0.000
0.000
0.000
0.241
0.000
0.000
0.000
0.000
0.241
0.000
0.000
0.199
0.000
0.000
0.188
0.178
0.000
0.178
0.167
0.000
0.000
0.157
0.157
0.000
0.157
0.147
0.000
0.000
0.126
0.000
0.000
0.115
0.115
0.115
0.000
0.105
0.105
0.000
0.000
0.000
0.000
0.000
0.000
0.000
0.000
0.000
0.000
0.000
0.000
0.673
0.000
0.000
0.000
0.000
0.000
0.000
0.000
0.000
0.000
0.000
0.000
0.000
0.000
0.000
0.000
0.000
0.000
0.000
0.000
0.000
0.000
0.000
0.000
0.000
0.000
0.000
0.000
0.000
0.000
0.000
0.000
0.000
0.000
0.000
0.000
0.000
0.000
0.000
0.000
0.000
0.000
0.000
0.000
0.000
0.000
0.000
0.000
0.000
0.000
0.000
0.000
0.000
0.000
0.000
0.000
0.000
0.000
0.000
0.000
0.000
0.000
0.000
0.000
0.000
0.000
0.000
0.000
0.000
1.211
0.000
0.000
0.000
0.000
0.000
0.000
1.076
0.000
0.000
0.000
0.942
0.000
0.000
0.000
0.000
0.834
0.000
0.767
0.000
0.000
0.673
0.659
0.000
0.000
0.646
0.000
0.619
0.000
0.000
0.000
0.000
0.552
0.000
0.525
0.000
0.000
0.000
0.000
0.000
0.000
0.000
0.000
0.000
0.390
0.363
0.336
0.269
0.309
0.000
0.000
0.256
0.000
0.242
0.242
0.229
0.229
0.229
0.229
0.215
0.000
0.202
0.202
0.202
0.202
0.188
0.000
0.000
0.161
0.000
0.000
0.148
0.000
0.148
0.000
0.135
0.135
0.135
0.000
0.000
0.000
0.000
0.809
0.000
0.000
0.000
0.753
1.449
0.000
0.000
0.000
0.000
0.000
0.000
0.000
1.167
0.000
1.073
1.035
0.000
0.000
0.922
0.000
0.000
0.000
0.000
0.000
0.000
0.000
0.000
0.000
0.000
0.000
0.000
0.000
0.000
0.000
0.000
0.000
0.000
0.000
0.000
0.000
0.000
0.000
0.000
0.000
0.000
0.000
0.000
0.358
0.000
0.000
0.000
0.000
0.000
0.000
0.000
0.301
0.000
0.000
0.282
0.000
0.000
0.000
0.000
0.226
0.226
0.000
0.000
0.000
0.000
0.000
0.000
0.188
0.188
0.000
0.000
0.383
0.000
0.000
0.000
0.362
0.000
0.000
0.000
0.164
0.000
0.000
0.000
0.000
0.000
0.000
0.000
0.000
0.000
0.000
0.000
0.000
0.000
0.000
0.000
0.000
0.000
0.000
0.000
0.000
0.000
0.000
0.000
0.000
0.000
0.083
0.000
0.000
0.000
0.153
0.000
0.000
0.000
0.000
0.000
0.000
0.000
0.000
0.000
0.000
0.000
0.085
0.081
0.000
0.000
0.077
0.072
0.000
0.000
0.000
0.068
0.000
0.000
0.064
0.064
0.000
0.000
0.000
0.000
0.051
0.000
0.000
0.047
0.000
0.000
0.000
0.043
0.043
0.000
0.000
0.000
0.000
0.000
0.000
0.000
0.410
0.000
1.562
0.000
0.000
0.000
0.000
1.327
0.000
0.000
1.230
1.210
0.000
0.000
0.000
0.000
0.000
0.956
0.000
0.000
0.000
0.000
0.000
0.000
0.000
0.000
0.000
0.000
0.000
0.000
0.000
0.000
0.000
0.000
0.000
0.000
0.000
0.000
0.000
0.000
0.000
0.000
0.449
0.000
0.000
0.000
0.371
0.000
0.351
0.000
0.000
0.000
0.000
0.332
0.312
0.000
0.000
0.293
0.293
0.293
0.273
0.000
0.234
0.234
0.234
0.215
0.215
0.215
0.215
0.000
0.195
0.000
0.000
0.000
