0.000
0.000
0.000
0.000
0.000
0.141
0.000
0.670
0.000
0.000
0.000
0.117
0.000
0.000
0.000
0.519
0.000
0.000
0.096
0.000
0.000
0.000
0.082
0.000
0.082
0.000
0.000
0.000
0.000
0.000
0.000
0.704
0.000
0.000
0.653
0.000
0.637
0.000
0.000
0.586
0.000
0.000
0.000
0.000
0.000
0.000
0.000
0.000
0.000
0.000
0.000
0.032
0.318
0.000
0.000
0.000
0.000
0.000
0.000
0.000
0.000
0.000
0.000
0.000
0.025
0.000
0.000
0.000
0.020
0.000
0.000
0.000
0.000
0.000
0.000
0.017
0.000
0.000
0.000
0.700
0.000
0.000
0.000
0.000
0.000
0.065
0.062
0.060
0.000
0.000
0.054
0.000
0.000
0.000
0.049
0.048
0.000
0.000
0.043
0.000
0.000
0.381
0.000
0.000
0.000
0.000
0.000
0.000
0.000
0.033
0.000
0.000
0.000
0.000
0.030
0.000
0.000
0.000
0.000
0.000
0.000
0.000
0.000
0.000
0.000
0.000
0.000
0.000
0.000
0.078
0.148
0.000
0.140
0.000
0.000
0.066
0.000
0.066
0.000
0.062
0.117
0.000
0.000
0.058
0.000
0.000
0.000
0.000
0.000
0.000
0.000
0.086
0.086
0.000
0.078
0.078
0.078
0.000
0.000
0.000
0.000
0.000
0.000
0.000
0.000
0.000
0.000
0.000
0.000
0.000
0.535
0.000
0.000
0.496
0.488
0.000
0.000
0.000
0.000
0.000
0.000
0.000
0.386
0.000
0.000
0.000
0.000
0.000
0.000
0.000
0.000
0.000
0.000
0.000
0.000
0.000
0.000
0.000
0.000
0.000
0.000
0.000
0.000
0.000
0.000
0.000
0.000
0.000
0.000
0.299
0.000
0.000
0.283
0.000
0.000
0.000
0.268
0.000
0.000
0.236
0.000
0.000
0.000
0.000
0.000
0.000
0.000
0.000
0.000
0.173
0.173
0.173
0.000
0.000
0.000
0.000
0.000
0.000
0.000
0.000
0.000
0.000
0.000
0.296
0.000
0.000
0.000
0.000
0.125
0.000
0.000
0.000
0.000
0.000
0.000
0.000
0.000
0.000
0.000
0.000
0.000
0.000
0.000
0.084
0.000
0.000
0.000
0.077
0.000
0.073
0.000
0.000
0.000
0.000
0.000
0.257
0.000
0.000
0.000
0.000
0.000
0.000
0.000
0.000
0.000
0.000
0.000
0.000
0.000
0.000
0.000
0.000
0.000
0.121
0.000
0.000
0.000
0.000
0.000
0.000
0.000
0.107
0.100
0.000
0.000
0.086
0.086
0.000
0.000
0.000
0.079
0.000
0.071
0.071
0.071
0.000
0.000
0.000
0.000
0.000
0.000
0.000
0.000
0.000
0.000
0.000
0.000
0.000
0.419
0.412
0.000
0.000
0.000
0.000
0.070
0.000
0.000
0.000
0.060
0.000
0.000
0.000
0.000
0.000
0.000
0.000
0.000
0.000
0.000
0.000
0.000
0.000
0.000
0.000
0.000
0.000
0.000
0.000
0.000
0.000
0.000
0.000
0.000
0.283
0.000
0.000
0.000
0.234
0.000
0.000
0.000
0.000
0.000
0.000
0.000
0.000
0.000
0.185
0.000
0.046
0.000
0.000
0.000
0.000
0.000
0.000
0.135
0.000
0.000
0.135
0.000
0.062
0.000
0.000
0.000
0.000
0.000
0.000
0.000
0.000
0.000
0.960
0.000
0.000
0.000
0.000
0.202
0.000
0.000
0.000
0.728
0.000
0.000
0.330
0.000
0.000
0.000
0.000
0.000
0.000
0.000
0.543
0.000
0.000
0.000
0.497
0.000
0.000
0.000
0.000
0.000
0.000
0.000
0.000
0.000
0.000
0.000
0.000
0.000
0.000
0.000
0.000
0.000
0.000
0.000
0.000
0.220
0.000
0.000
0.000
0.197
0.000
0.000
0.197
0.000
0.000
0.000
0.000
0.173
0.173
0.162
0.000
0.139
0.139
0.139
0.000
0.000
0.127
0.032
0.000
0.116
0.116
0.000
0.000
0.000
0.000
0.000
0.000
0.000
0.000
0.000
0.000
0.000
0.000
0.000
0.000
0.000
0.000
0.000
0.000
0.000
0.000
0.000
0.000
0.000
0.000
0.046
0.000
0.000
0.000
0.000
0.000
0.000
0.000
0.000
0.000
0.000
0.000
0.000
0.000
0.000
0.000
0.000
0.000
0.000
0.000
0.000
0.000
0.000
0.000
0.000
0.000
0.000
0.000
0.000
0.000
0.000
0.000
0.000
0.158
0.000
0.158
0.000
0.000
0.000
0.139
0.139
0.139
0.000
0.130
0.000
0.000
0.000
0.000
0.000
0.000
0.000
0.102
0.000
0.093
0.093
0.000
0.000
0.000
0.000
0.000
1.207
0.000
0.000
0.000
0.000
0.000
0.000
0.000
0.000
0.000
0.000
0.000
0.885
0.000
0.000
0.000
0.000
0.000
0.000
0.000
0.000
0.000
0.000
0.000
0.000
0.000
0.000
0.000
0.000
0.000
0.000
0.000
0.000
0.000
0.000
0.051
0.000
0.000
0.000
0.000
0.000
0.000
0.000
0.000
0.000
0.000
0.000
0.000
0.067
0.000
0.000
0.063
0.024
0.000
0.000
0.000
0.000
0.000
0.000
0.000
0.000
0.000
0.000
0.000
0.000
0.000
0.000
0.000
0.000
0.000
0.000
0.000
0.140
0.140
0.000
0.000
0.000
0.000
0.000
0.693
0.000
0.677
0.669
0.322
0.000
0.000
0.000
0.564
0.548
0.000
0.000
0.258
0.000
0.000
0.000
0.443
0.427
0.000
0.000
0.000
0.000
0.000
0.379
0.371
0.000
0.000
0.346
0.000
0.000
0.000
0.000
0.000
0.000
0.000
0.000
0.000
0.000
0.000
0.000
0.000
0.000
0.000
0.000
0.000
0.000
0.000
0.000
0.153
0.000
0.000
0.145
0.000
0.000
0.137
0.137
0.000
0.000
0.000
0.121
0.121
0.000
0.000
0.000
0.000
0.000
0.097
0.000
0.089
0.000
0.089
0.000
0.081
0.081
0.000
0.000
0.000
0.000
0.605
0.000
0.000
0.584
0.000
0.000
0.000
0.000
0.000
0.000
0.000
0.000
0.000
0.000
0.000
0.000
0.396
0.000
0.000
0.000
0.341
0.000
0.000
0.000
0.000
0.000
0.000
0.000
0.598
0.000
0.000
0.000
0.000
0.000
0.000
0.000
0.000
0.000
0.000
0.000
0.000
0.000
0.000
0.000
0.000
0.000
0.000
0.000
0.000
0.264
0.000
0.000
0.000
0.000
0.000
0.000
0.000
0.000
0.000
0.000
0.000
0.209
0.000
0.000
0.000
0.000
0.167
0.000
0.000
0.000
0.000
0.000
0.000
0.000
0.139
0.000
0.000
0.000
0.083
0.000
0.000
0.000
0.000
0.000
0.000
0.000
0.000
0.685
0.000
0.000
0.000
0.000
0.000
0.000
0.141
0.000
0.000
0.000
0.000
0.046
0.000
0.000
0.000
0.000
0.000
0.000
0.000
0.000
0.000
0.000
0.000
0.000
0.000
0.000
0.000
0.000
0.000
0.000
0.000
0.000
0.000
0.000
0.000
0.000
0.000
0.000
0.000
0.000
0.000
0.000
0.000
0.000
0.000
0.000
0.000
0.000
0.000
0.150
0.000
0.000
0.000
0.000
0.000
0.000
0.000
0.000
0.000
0.000
0.000
0.000
0.000
0.000
0.000
0.000
0.000
0.000
0.000
0.000
0.000
0.577
0.000
0.000
0.000
1.100
0.000
0.000
0.000
0.000
0.000
0.000
0.893
0.000
0.852
0.000
0.000
0.000
0.000
0.000
0.000
0.674
0.674
0.000
0.000
0.000
0.000
0.000
0.000
0.000
0.000
0.000
0.000
0.000
0.000
0.000
0.000
0.000
0.000
0.000
0.000
0.000
0.000
0.000
0.000
0.316
0.000
0.000
0.275
0.261
0.000
0.247
0.247
0.000
0.000
0.000
0.000
0.000
0.000
0.000
0.000
0.206
0.000
0.000
0.000
0.000
0.165
0.165
0.000
0.000
0.000
0.000
0.000
0.137
0.000
0.000
0.000
0.093
0.000
0.000
0.089
0.000
0.000
0.000
0.207
0.399
0.777
0.000
0.000
0.000
0.000
0.673
0.000
0.321
0.000
0.000
0.000
0.000
0.518
0.000
0.000
0.000
0.000
0.000
0.000
0.000
0.000
0.000
0.000
0.000
0.000
0.404
0.000
0.000
0.000
0.000
0.000
0.000
0.000
0.000
0.000
0.000
0.000
0.000
0.238
0.000
0.000
0.000
0.197
0.000
0.000
0.000
0.000
0.176
0.000
0.000
0.000
0.000
0.000
0.000
0.000
0.000
0.000
0.000
0.124
0.000
0.000
0.000
0.000
0.000
0.000
0.000
0.104
0.104
0.000
0.000
0.000
0.000
0.000
0.000
0.000
0.000
0.000
0.382
0.000
0.363
0.000
0.000
0.649
0.000
0.620
0.296
0.000
0.000
0.544
0.000
0.000
0.477
0.000
0.000
0.239
0.000
0.000
0.000
0.000
0.000
0.000
0.000
0.000
0.000
0.000
0.000
0.000
0.000
0.000
0.000
0.000
0.000
0.000
0.000
0.000
0.000
0.000
0.000
0.000
0.000
0.000
0.181
0.000
0.000
0.000
0.000
0.000
0.000
0.000
0.000
0.153
0.000
0.000
0.000
0.000
0.000
0.000
0.115
0.000
0.000
0.000
0.000
0.000
0.000
0.000
0.095
0.000
0.000
0.000
0.000
0.000
0.000
0.000
0.000
0.109
0.000
0.000
0.000
0.091
0.000
0.000
0.000
0.000
0.000
0.081
0.161
0.000
0.000
0.000
0.000
0.000
0.000
0.000
0.000
0.000
0.000
0.000
0.000
0.000
0.000
0.000
0.000
0.000
0.000
0.000
0.000
0.000
0.000
0.000
0.000
0.000
0.000
0.000
0.000
0.000
0.000
0.060
0.000
0.000
0.000
0.049
0.000
0.000
0.000
0.000
0.044
0.000
0.000
0.000
0.000
0.000
0.000
0.039
0.000
0.000
0.000
0.000
0.031
0.000
0.000
0.000
0.000
0.029
0.000
0.026
0.000
0.026
0.000
0.000
0.000
0.000
0.000
0.000
0.000
0.000
0.585
0.000
0.000
0.000
0.000
0.000
0.000
0.475
0.000
0.000
0.000
0.000
0.000
0.000
0.000
0.000
0.036
0.000
0.000
0.000
0.000
0.000
0.000
0.000
0.000
0.000
0.000
0.000
0.000
0.000
0.000
0.000
0.000
0.000
0.000
0.000
0.000
0.000
0.000
0.000
0.000
0.000
0.000
0.000
0.000
0.000
0.000
0.066
0.000
0.000
0.000
0.000
0.000
0.000
0.000
0.055
0.055
0.000
0.000
0.000
0.000
0.088
0.000
0.000
0.000
0.000
0.080
0.000
0.073
0.073
0.000
0.000
0.000
0.000
0.000
0.000
0.000
0.000
0.000
0.000
0.000
0.000
0.000
0.000
0.000
0.000
0.000
0.067
0.664
0.000
0.000
0.000
0.000
0.000
0.000
0.000
0.000
0.000
0.000
0.000
0.000
0.000
0.000
0.000
0.439
0.000
0.000
0.000
0.000
0.000
0.000
0.000
0.000
0.000
0.000
0.000
0.000
0.000
0.000
0.000
0.000
0.000
0.000
0.204
0.000
0.000
0.193
0.000
0.000
0.000
0.000
0.000
0.000
0.161
0.000
0.000
0.000
0.000
0.000
0.000
0.000
0.000
0.000
0.000
0.000
0.000
0.000
0.107
0.107
0.107
0.107
0.000
0.000
0.000
0.000
0.000
0.000
0.000
0.000
0.000
0.000
0.383
0.000
0.000
0.000
0.000
0.331
0.000
0.315
0.000
0.000
0.000
0.000
0.000
0.000
0.000
0.000
0.000
0.000
0.000
0.000
0.000
0.000
0.000
0.000
0.000
0.000
0.000
0.000
0.000
0.000
0.000
0.000
0.000
0.000
0.000
0.000
0.000
0.000
0.000
0.000
0.000
0.100
0.000
0.000
0.000
0.000
0.000
0.000
0.000
0.000
0.084
0.000
0.000
0.079
0.000
0.000
0.000
0.000
0.000
0.000
0.000
0.000
0.000
0.000
0.000
0.000
0.000
0.000
0.000
0.000
0.000
0.000
0.000
0.078
0.000
0.192
0.000
0.000
0.000
0.000
0.065
0.000
0.000
0.000
0.000
0.000
0.000
0.000
0.000
0.000
0.000
0.452
0.000
0.000
0.000
0.043
0.000
0.000
0.000
0.000
0.000
0.000
0.000
0.000
0.000
0.000
0.000
0.332
0.000
0.000
0.000
0.000
0.000
0.000
0.000
0.000
0.000
0.000
0.000
0.000
0.175
0.000
0.000
0.000
0.157
0.000
0.000
0.000
0.000
0.000
0.000
0.139
0.000
0.000
0.129
0.000
0.000
0.111
0.000
0.000
0.102
0.000
0.000
0.000
0.092
0.000
0.000
0.000
0.000
0.000
0.000
0.000
0.000
0.000
0.000
0.000
0.000
0.000
0.000
0.499
0.000
0.000
0.000
0.449
0.442
0.000
0.000
0.000
0.000
0.000
0.000
0.000
0.000
0.000
0.335
0.000
0.000
0.000
0.307
0.000
0.000
0.000
0.000
0.271
0.000
0.000
0.000
0.000
0.000
0.000
0.000
0.000
0.000
0.193
0.000
0.164
0.000
0.000
0.000
0.000
0.000
0.000
0.000
0.000
0.000
0.000
0.000
0.000
0.000
0.000
0.000
0.107
0.000
0.000
0.000
0.000
0.000
0.000
0.000
0.000
0.078
0.078
0.000
0.000
0.071
0.000
0.000
0.000
0.000
0.000
0.000
0.000
0.000
0.994
0.958
0.000
0.000
0.874
0.000
0.000
0.000
0.000
0.754
0.000
0.000
0.682
0.000
0.000
0.599
0.000
0.587
0.000
0.000
0.000
0.000
0.000
0.000
0.515
0.000
0.000
0.000
0.000
0.000
0.000
0.000
0.000
0.000
0.000
0.000
0.000
0.000
0.000
0.000
0.299
0.275
0.000
0.000
0.000
0.227
0.000
0.000
0.000
0.000
0.000
0.000
0.000
0.000
0.000
0.180
0.000
0.180
0.000
0.000
0.000
0.000
0.144
0.000
0.000
0.000
0.132
0.132
0.000
0.000
0.120
0.000
0.000
0.000
0.000
0.000
1.452
0.000
0.000
0.000
0.000
1.300
0.000
0.000
0.000
0.000
0.000
1.097
1.064
1.047
0.000
0.000
0.000
0.000
0.000
0.000
0.000
0.000
0.000
0.000
0.000
0.000
0.000
0.000
0.000
0.000
0.000
0.000
0.000
0.000
0.000
0.000
0.000
0.000
0.000
0.000
0.000
0.000
0.000
0.000
0.000
0.000
0.000
0.000
0.321
0.000
0.000
0.000
0.000
0.000
0.000
0.000
0.000
0.000
0.000
0.000
0.253
0.000
0.000
0.000
0.000
0.000
0.000
0.000
0.000
0.000
0.000
0.000
0.169
0.000
0.000
0.000
0.209
0.000
0.000
0.000
0.790
0.000
0.193
0.186
0.000
0.000
0.000
0.163
0.000
0.000
0.000
0.585
0.144
0.000
0.132
0.000
0.000
0.000
0.455
0.455
0.000
0.000
0.109
0.107
0.000
0.000
0.100
0.000
0.000
0.000
0.000
0.000
0.000
0.000
0.084
0.000
0.000
0.000
0.000
0.000
0.000
0.000
0.000
0.214
0.000
0.000
0.000
0.000
0.000
0.000
0.000
0.000
0.000
0.158
0.158
0.000
0.000
0.000
0.000
0.139
0.139
0.130
0.000
0.000
0.112
0.000
0.000
0.000
0.000
0.000
0.000
0.093
0.093
0.000
0.000
0.000
0.000
0.000
0.000
0.000
0.000
0.000
0.000
0.000
0.000
0.918
0.000
0.000
0.000
0.000
0.000
0.000
0.000
0.000
0.000
0.000
0.000
0.616
0.000
0.000
0.000
0.000
0.000
0.000
0.000
0.000
0.000
0.000
0.000
0.000
0.000
0.000
0.000
0.000
0.000
0.000
0.000
0.000
0.000
0.000
0.000
0.000
0.000
0.289
0.000
0.000
0.000
0.000
0.000
0.000
0.214
0.000
0.000
0.000
0.000
0.000
0.000
0.000
0.000
0.000
0.000
0.000
0.000
0.151
0.000
0.000
0.000
0.000
0.000
0.000
0.000
0.000
0.000
0.000
0.000
0.000
0.000
0.000
0.000
0.000
0.000
0.344
0.327
0.000
0.000
0.151
0.000
0.000
0.000
0.267
0.258
0.000
0.000
0.000
0.000
0.215
0.422
0.000
0.000
0.000
0.000
0.000
0.000
0.000
0.370
0.000
0.000
0.000
0.000
0.327
0.000
0.000
0.000
0.000
0.293
0.276
0.000
0.000
0.000
0.000
0.000
0.198
0.000
0.000
0.000
0.164
0.164
0.000
0.155
0.000
0.000
0.146
0.146
0.000
0.000
0.000
0.129
0.129
0.129
0.121
0.112
0.103
0.103
0.000
0.000
0.000
0.000
0.095
0.000
0.086
0.000
0.000
0.000
0.000
0.000
0.000
0.000
0.000
0.000
0.717
0.691
0.000
0.000
0.315
0.000
0.000
0.000
0.000
0.544
0.000
0.000
0.492
0.000
0.000
0.432
0.106
0.423
0.000
0.000
0.101
0.000
0.000
0.000
0.000
0.000
0.000
0.000
0.000
0.328
0.000
0.000
0.000
0.000
0.000
0.276
0.000
0.000
0.000
0.000
0.216
0.000
0.000
0.000
0.000
0.000
0.000
0.000
0.000
0.000
0.000
0.000
0.000
0.000
0.000
0.000
0.000
0.000
0.129
0.000
0.000
0.104
0.104
0.104
0.000
0.095
0.000
0.095
0.000
0.086
0.086
0.000
0.000
0.000
0.000
0.000
0.000
0.000
0.000
0.000
0.000
0.000
0.000
0.000
0.049
0.000
0.000
0.000
0.000
0.000
0.000
0.000
0.000
0.000
0.000
0.000
0.000
0.000
0.000
0.000
0.000
0.000
0.000
0.000
0.000
0.000
0.000
0.000
0.000
0.000
0.000
0.000
0.000
0.000
0.000
0.000
0.000
0.000
0.000
0.000
0.000
0.000
0.000
0.000
0.132
0.000
0.000
0.000
0.000
0.000
0.000
0.000
0.000
0.000
0.000
0.000
0.105
0.000
0.000
0.000
0.000
0.084
0.000
0.000
0.000
0.000
0.077
0.000
0.000
0.000
0.000
0.000
0.000
0.000
0.000
0.000
0.000
0.000
0.000
0.000
0.000
0.000
0.000
0.000
0.000
0.000
0.000
0.000
0.000
0.000
0.135
0.131
0.000
0.000
0.000
0.000
0.000
0.000
0.000
0.000
0.000
0.000
0.000
0.000
0.000
0.000
0.000
0.000
0.000
0.000
0.000
0.000
0.000
0.000
0.000
0.000
0.000
0.000
0.000
0.109
0.000
0.000
0.000
0.000
0.000
0.000
0.086
0.000
0.000
0.000
0.000
0.000
0.000
0.000
0.071
0.071
0.071
0.000
0.000
0.000
0.057
0.057
0.000
0.000
0.000
0.000
0.000
0.048
0.000
0.000
0.000
0.000
0.000
0.000
0.000
0.000
0.000
0.000
0.425
0.000
0.000
0.000
0.000
0.000
0.000
0.000
0.594
0.000
0.000
0.538
0.000
0.000
0.000
0.462
0.462
0.000
0.000
0.000
0.000
0.425
0.000
0.000
0.000
0.000
0.000
0.000
0.000
0.000
0.000
0.000
0.000
0.000
0.000
0.000
0.000
0.000
0.000
0.236
0.000
0.000
0.000
0.000
0.179
0.000
0.000
0.000
0.000
0.000
0.000
0.000
0.000
0.000
0.000
0.000
0.142
0.142
0.000
0.000
0.000
0.113
0.113
0.000
0.000
0.000
0.000
0.000
0.094
0.094
0.000
0.000
0.00
0.00
0.00
0.00
0.12
0.00
0.00
0.00
0.00
0.00
0.00
0.10
0.10
0.09
0.00
0.42
0.00
0.00
0.00
0.00
0.00
0.00
0.00
0.00
0.00
0.00
0.00
0.00
0.00
0.00
0.00
0.00
0.00
0.00
0.00
0.00
0.00
0.00
0.00
0.00
0.00
0.00
0.00
0.00
0.00
0.00
0.00
0.00
0.00
0.00
0.00
0.27
0.00
0.00
0.00
0.00
0.00
0.00
0.00
0.00
0.00
0.00
0.00
0.00
0.00
0.00
0.00
0.00
0.17
0.00
0.00
0.00
0.00
0.00
0.00
0.14
0.14
0.14
0.00
0.00
0.00
0.00
0.00
0.00
0.00
0.00
0.00
0.00
0.00
0.00
0.00
0.00
0.00
0.00
0.72
0.71
0.00
0.00
0.00
0.00
0.00
0.00
0.00
0.00
0.00
0.00
0.00
0.00
0.00
0.00
0.00
0.00
0.00
0.00
0.00
0.00
0.00
0.00
0.00
0.00
0.37
0.00
0.00
0.00
0.00
0.00
0.00
0.00
0.00
0.00
0.22
0.00
0.00
0.00
0.00
0.00
0.00
0.00
0.00
0.00
0.00
0.00
0.00
0.00
0.00
0.00
0.00
0.14
0.00
0.00
0.00
0.00
0.00
0.00
0.11
0.11
0.11
0.00
0.000
0.000
0.000
0.000
0.000
0.000
0.000
0.941
0.000
0.000
0.000
0.000
0.000
0.000
0.000
0.741
0.729
0.000
0.000
0.000
0.000
0.000
0.000
0.000
0.000
0.000
0.000
0.000
0.000
0.000
0.000
0.000
0.000
0.000
0.000
0.000
0.000
0.000
0.000
0.000
0.000
0.000
0.000
0.000
0.000
0.000
0.000
0.000
0.000
0.000
0.000
0.224
0.000
0.000
0.000
0.000
0.000
0.000
0.000
0.000
0.000
0.000
0.000
0.000
0.000
0.000
0.000
0.000
0.141
0.000
0.000
0.129
0.129
0.000
0.000
0.118
0.000
0.000
0.000
0.000
0.000
0.000
0.000
0.000
0.000
0.000
0.704
0.000
0.660
0.000
0.000
0.000
0.000
0.000
0.000
0.545
0.000
0.000
0.000
0.466
0.000
0.431
0.000
0.431
0.000
0.000
0.000
0.000
0.000
0.000
0.000
0.000
0.000
0.000
0.000
0.000
0.000
0.317
0.000
0.000
0.000
0.000
0.000
0.000
0.000
0.000
0.000
0.000
0.000
0.000
0.167
0.000
0.158
0.000
0.000
0.150
0.000
0.000
0.000
0.000
0.000
0.000
0.000
0.000
0.000
0.000
0.106
0.000
0.106
0.000
0.000
0.000
0.000
0.000
0.088
0.088
0.000
0.000
0.067
0.000
0.000
0.000
0.000
0.000
0.310
0.000
0.000
0.000
0.000
0.052
0.503
0.495
0.000
0.222
0.229
0.000
0.211
0.000
0.000
0.370
0.181
0.000
0.000
0.000
0.185
0.034
0.000
0.000
0.148
0.000
0.000
0.000
0.288
0.000
0.000
0.000
0.133
0.000
0.000
0.000
0.000
0.000
0.000
0.000
0.000
0.170
0.000
0.000
0.000
0.140
0.000
0.000
0.133
0.126
0.000
0.000
0.000
0.000
0.000
0.000
0.111
0.111
0.111
0.103
0.000
0.000
0.089
0.000
0.000
0.081
0.081
0.081
0.000
0.000
0.074
0.000
0.000
0.000
0.000
0.000
0.000
0.000
0.000
0.000
0.000
0.000
0.000
0.000
0.000
0.000
0.000
0.000
0.000
0.000
0.000
0.000
0.000
0.000
0.000
0.000
0.000
0.000
0.000
0.000
0.000
0.000
0.000
0.000
0.000
0.000
0.000
0.000
0.000
0.000
0.000
0.000
0.000
0.000
0.000
0.000
0.000
0.000
0.000
0.000
0.000
0.000
0.000
0.000
0.032
0.000
0.000
0.000
0.000
0.000
0.000
0.000
0.000
0.000
0.000
0.000
0.025
0.000
0.000
0.000
0.000
0.000
0.000
0.000
0.000
0.000
0.000
0.017
0.017
0.000
0.000
0.000
0.500
0.000
0.966
0.000
0.477
0.000
0.444
0.000
0.000
0.000
0.000
0.000
0.000
0.000
0.000
0.699
0.688
0.000
0.633
0.000
0.000
0.555
0.544
0.000
0.000
0.533
0.222
0.222
0.000
0.000
0.222
0.000
0.455
0.000
0.216
0.422
0.000
0.000
0.000
0.000
0.000
0.355
0.000
0.000
0.000
0.000
0.278
0.255
0.000
0.000
0.222
0.211
0.000
0.000
0.000
0.189
0.000
0.189
0.189
0.000
0.000
0.167
0.167
0.167
0.167
0.155
0.000
0.000
0.133
0.133
0.000
0.000
0.122
0.122
0.000
0.111
0.111
0.111
0.000
0.000
0.000
0.000
0.000
0.000
0.000
0.667
0.000
0.000
0.000
0.000
0.000
0.000
0.000
0.000
1.051
0.000
0.000
0.000
0.000
0.000
0.000
0.817
0.000
0.000
0.000
0.000
0.767
0.000
0.000
0.334
0.000
0.000
0.000
0.000
0.000
0.000
0.000
0.600
0.000
0.000
0.000
0.000
0.000
0.000
0.000
0.000
0.384
0.000
0.000
0.000
0.317
0.000
0.000
0.000
0.283
0.000
0.000
0.000
0.000
0.267
0.000
0.250
0.000
0.250
0.000
0.000
0.200
0.200
0.200
0.000
0.000
0.000
0.183
0.167
0.000
0.167
0.167
0.000
0.000
0.000
0.000
0.000
0.000
0.000
0.000
0.000
0.000
0.000
0.000
0.516
1.003
0.000
0.000
0.929
0.472
0.000
0.000
0.000
0.000
0.000
0.000
0.000
0.000
0.000
0.000
0.000
0.000
0.000
0.634
0.000
0.000
0.000
0.000
0.000
0.000
0.000
0.000
0.000
0.000
0.472
0.000
0.000
0.000
0.000
0.000
0.000
0.000
0.000
0.000
0.000
0.000
0.000
0.000
0.000
0.000
0.000
0.000
0.000
0.236
0.221
0.000
0.000
0.000
0.000
0.000
0.000
0.177
0.000
0.000
0.000
0.000
0.000
0.147
0.147
0.000
0.000
0.000
0.000
0.000
0.000
0.000
0.000
0.000
0.119
0.000
0.000
0.000
0.000
0.000
0.104
0.000
0.000
0.095
0.089
0.000
0.169
0.000
0.000
0.000
0.000
0.000
0.146
0.000
0.000
0.000
0.000
0.000
0.059
0.000
0.000
0.000
0.000
0.000
0.000
0.000
0.000
0.000
0.000
0.000
0.000
0.000
0.000
0.000
0.000
0.068
0.000
0.000
0.000
0.000
0.000
0.053
0.053
0.000
0.000
0.000
0.000
0.000
0.000
0.000
0.000
0.000
0.045
0.042
0.000
0.000
0.036
0.000
0.000
0.000
0.033
0.000
0.000
0.030
0.030
0.000
0.000
0.000
0.000
0.000
0.000
0.000
0.000
0.000
0.000
0.000
0.000
0.719
0.000
0.000
0.000
0.000
0.000
0.000
0.000
0.000
0.000
0.000
0.000
0.482
0.000
0.000
0.000
0.000
0.453
0.000
0.000
0.197
0.000
0.404
0.000
0.000
0.000
0.000
0.000
0.000
0.000
0.000
0.000
0.000
0.000
0.000
0.000
0.000
0.000
0.000
0.000
0.000
0.187
0.000
0.000
0.000
0.000
0.167
0.000
0.000
0.000
0.000
0.000
0.000
0.148
0.000
0.138
0.000
0.000
0.118
0.000
0.000
0.108
0.108
0.000
0.098
0.098
0.000
0.000
0.000
0.081
0.000
0.000
0.000
0.000
0.000
0.000
0.000
0.000
0.000
0.000
0.627
0.000
0.000
0.000
0.565
0.056
0.000
0.000
0.000
0.000
0.448
0.439
0.000
0.439
0.000
0.000
0.412
0.000
0.000
0.385
0.000
0.367
0.000
0.087
0.000
0.000
0.000
0.323
0.000
0.000
0.000
0.000
0.000
0.000
0.242
0.224
0.206
0.206
0.000
0.000
0.170
0.000
0.000
0.161
0.152
0.000
0.000
0.000
0.143
0.000
0.134
0.134
0.134
0.134
0.000
0.000
0.000
0.108
0.000
0.000
0.000
0.000
0.099
0.000
0.090
0.090
0.000
0.000
0.000
0.000
0.000
0.000
0.000
0.000
0.000
0.000
0.000
0.000
0.000
0.000
0.846
0.000
0.000
0.000
0.000
0.000
0.000
0.000
0.000
0.000
0.000
0.000
0.000
0.000
0.000
0.000
0.000
0.000
0.535
0.000
0.510
0.000
0.000
0.000
0.000
0.000
0.448
0.000
0.423
0.000
0.373
0.000
0.000
0.000
0.000
0.000
0.000
0.000
0.249
0.236
0.000
0.000
0.000
0.000
0.000
0.000
0.212
0.000
0.000
0.000
0.187
0.187
0.187
0.000
0.000
0.000
0.149
0.000
0.000
0.137
0.000
0.000
0.000
0.000
0.124
0.000
0.000
0.000
0.000
0.000
0.000
0.000
0.000
0.000
0.000
0.000
0.000
0.000
0.000
0.000
0.000
0.000
0.000
0.419
0.000
0.000
0.000
0.000
0.000
0.000
0.000
0.000
0.000
0.000
0.622
0.000
0.000
0.000
0.000
0.000
0.000
0.000
0.000
0.000
0.000
0.000
0.000
0.000
0.000
0.000
0.000
0.392
0.000
0.000
0.311
0.000
0.000
0.000
0.257
0.000
0.000
0.243
0.000
0.000
0.230
0.000
0.000
0.216
0.203
0.203
0.203
0.203
0.000
0.000
0.000
0.162
0.000
0.000
0.149
0.000
0.149
0.000
0.135
0.135
0.000
0.000
0.000
0.000
0.000
0.000
0.000
0.000
0.000
0.000
0.000
0.000
0.000
0.075
0.000
0.000
0.000
0.168
0.165
0.000
0.000
0.000
0.000
0.000
0.523
0.000
0.000
0.000
0.000
0.000
0.000
0.000
0.459
0.000
0.000
0.000
0.000
0.000
0.000
0.000
0.000
0.000
0.000
0.000
0.000
0.000
0.000
0.000
0.000
0.000
0.000
0.000
0.000
0.203
0.000
0.000
0.000
0.000
0.000
0.000
0.000
0.171
0.000
0.000
0.160
0.160
0.000
0.000
0.000
0.128
0.128
0.000
0.000
0.000
0.000
0.000
0.000
0.107
0.107
0.107
0.000
0.070
0.000
0.000
0.000
0.000
0.000
0.000
0.000
0.000
0.000
0.056
0.000
0.000
0.000
0.000
0.049
0.048
0.000
0.000
0.000
0.000
0.039
0.015
0.000
0.000
0.000
0.000
0.000
0.000
0.000
0.000
0.000
0.000
0.000
0.000
0.000
0.000
0.000
0.000
0.000
0.000
0.000
0.000
0.000
0.000
0.000
0.000
0.178
0.178
0.000
0.155
0.147
0.000
0.000
0.139
0.000
0.131
0.131
0.000
0.124
0.124
0.000
0.116
0.116
0.116
0.108
0.000
0.000
0.093
0.000
0.000
0.085
0.085
0.085
0.000
0.077
0.077
0.077
0.000
0.482
0.000
0.932
0.000
0.911
0.900
0.000
0.000
0.000
0.000
0.000
0.750
0.728
0.000
0.000
0.675
0.664
0.000
0.305
0.000
0.000
0.536
0.396
0.000
0.000
0.000
0.000
0.343
0.000
0.000
0.353
0.268
0.000
0.000
0.000
0.000
0.000
0.000
0.039
0.000
0.000
0.000
0.000
0.268
0.000
0.225
0.000
0.214
0.246
0.000
0.000
0.204
0.000
0.193
0.193
0.182
0.182
0.000
0.000
0.171
0.171
0.161
0.161
0.161
0.000
0.000
0.139
0.129
0.129
0.000
0.000
0.118
0.000
0.118
0.000
0.107
0.000
0.107
0.000
0.000
0.000
0.000
0.219
0.000
0.000
0.000
0.000
0.000
0.000
0.000
0.000
0.694
0.000
0.000
0.161
0.000
0.000
0.000
0.000
0.000
0.000
0.125
0.000
0.000
0.000
0.000
0.000
0.000
0.000
0.219
0.000
0.000
0.000
0.000
0.000
0.000
0.000
0.000
0.000
0.347
0.000
0.000
0.000
0.000
0.000
0.000
0.000
0.000
0.000
0.000
0.194
0.000
0.000
0.000
0.174
0.174
0.000
0.000
0.000
0.000
0.000
0.153
0.153
0.000
0.000
0.000
0.000
0.122
0.000
0.000
0.000
0.112
0.000
0.000
0.102
0.102
0.102
0.000
0.000
0.000
0.000
0.000
0.000
0.266
0.526
0.000
0.000
0.000
0.000
0.000
0.000
0.000
0.000
0.000
0.000
0.000
0.000
0.000
0.000
0.000
0.000
0.000
0.000
0.000
0.149
0.342
0.000
0.000
0.272
0.000
0.000
0.000
0.124
0.000
0.000
0.000
0.456
0.000
0.000
0.000
0.000
0.000
0.000
0.000
0.000
0.000
0.000
0.000
0.000
0.241
0.000
0.000
0.228
0.000
0.215
0.215
0.000
0.000
0.203
0.190
0.190
0.190
0.000
0.000
0.165
0.000
0.152
0.000
0.000
0.139
0.000
0.139
0.000
0.127
0.000
0.000
0.000
0.417
0.000
0.000
0.000
0.000
0.000
0.000
0.000
0.000
0.000
0.000
0.162
0.630
0.000
0.000
0.000
0.287
0.000
0.000
0.000
0.000
0.463
0.454
0.000
0.000
0.000
0.000
0.213
0.000
0.000
0.199
0.000
0.000
0.000
0.000
0.000
0.000
0.000
0.296
0.000
0.000
0.000
0.000
0.213
0.000
0.000
0.000
0.000
0.213
0.000
0.000
0.176
0.000
0.000
0.167
0.158
0.000
0.158
0.148
0.000
0.000
0.139
0.139
0.000
0.139
0.130
0.000
0.000
0.111
0.000
0.000
0.102
0.102
0.102
0.000
0.093
0.093
0.000
0.000
0.000
0.000
0.000
0.000
0.000
0.000
0.000
0.000
0.000
0.000
0.789
0.000
0.000
0.000
0.000
0.000
0.000
0.000
0.000
0.000
0.000
0.000
0.000
0.000
0.000
0.000
0.000
0.000
0.000
0.000
0.000
0.000
0.000
0.000
0.000
0.000
0.000
0.000
0.000
0.000
0.000
0.000
0.000
0.000
0.000
0.000
0.000
0.000
0.000
0.000
0.000
0.000
0.000
0.000
0.000
0.000
0.000
0.000
0.000
0.000
0.000
0.000
0.000
0.000
0.000
0.000
0.000
0.000
0.000
0.000
0.000
0.000
0.000
0.000
0.000
0.000
0.000
0.000
0.000
0.635
0.000
0.000
0.000
0.000
0.000
0.000
0.564
0.000
0.000
0.000
0.494
0.000
0.000
0.000
0.000
0.437
0.000
0.402
0.000
0.000
0.353
0.346
0.000
0.000
0.338
0.000
0.324
0.000
0.000
0.000
0.000
0.289
0.000
0.275
0.000
0.000
0.000
0.000
0.000
0.000
0.000
0.000
0.000
0.205
0.190
0.176
0.141
0.162
0.000
0.000
0.134
0.000
0.127
0.127
0.120
0.120
0.120
0.120
0.113
0.000
0.106
0.106
0.106
0.106
0.099
0.000
0.000
0.085
0.000
0.000
0.078
0.000
0.078
0.000
0.071
0.071
0.071
0.000
0.000
0.000
0.000
0.156
0.000
0.000
0.000
0.145
0.279
0.000
0.000
0.000
0.000
0.000
0.000
0.000
0.224
0.000
0.206
0.199
0.000
0.000
0.177
0.000
0.000
0.000
0.000
0.000
0.000
0.000
0.000
0.000
0.000
0.000
0.000
0.000
0.000
0.000
0.000
0.000
0.000
0.000
0.000
0.000
0.000
0.000
0.000
0.000
0.000
0.000
0.000
0.069
0.000
0.000
0.000
0.000
0.000
0.000
0.000
0.058
0.000
0.000
0.054
0.000
0.000
0.000
0.000
0.043
0.043
0.000
0.000
0.000
0.000
0.000
0.000
0.036
0.036
0.000
0.000
1.625
0.000
0.000
0.000
1.535
0.000
0.000
0.000
0.695
0.000
0.000
0.000
0.000
0.000
0.000
0.000
0.000
0.000
0.000
0.000
0.000
0.000
0.000
0.000
0.000
0.000
0.000
0.000
0.000
0.000
0.000
0.000
0.000
0.000
0.352
0.000
0.000
0.000
0.650
0.000
0.000
0.000
0.000
0.000
0.000
0.000
0.000
0.000
0.000
0.000
0.361
0.343
0.000
0.000
0.325
0.307
0.000
0.000
0.000
0.289
0.000
0.000
0.271
0.271
0.000
0.000
0.000
0.000
0.217
0.000
0.000
0.199
0.000
0.000
0.000
0.181
0.181
0.000
0.000
0.000
0.000
0.000
0.000
0.000
0.074
0.000
0.282
0.000
0.000
0.000
0.000
0.239
0.000
0.000
0.222
0.218
0.000
0.000
0.000
0.000
0.000
0.172
0.000
0.000
0.000
0.000
0.000
0.000
0.000
0.000
0.000
0.000
0.000
0.000
0.000
0.000
0.000
0.000
0.000
0.000
0.000
0.000
0.000
0.000
0.000
0.000
0.081
0.000
0.000
0.000
0.067
0.000
0.063
0.000
0.000
0.000
0.000
0.060
0.056
0.000
0.000
0.053
0.053
0.053
0.049
0.000
0.042
0.042
0.042
0.039
0.039
0.039
0.039
0.000
0.035
0.000
0.000
0.000
