0.000
0.000
0.000
0.000
0.000
0.084
0.000
0.400
0.000
0.000
0.000
0.070
0.000
0.000
0.000
0.310
0.000
0.000
0.057
0.000
0.000
0.000
0.049
0.000
0.049
0.000
0.000
0.000
0.000
0.000
0.000
0.420
0.000
0.000
0.390
0.000
0.380
0.000
0.000
0.350
0.000
0.000
0.000
0.000
0.000
0.000
0.000
0.000
0.000
0.000
0.000
0.019
0.190
0.000
0.000
0.000
0.000
0.000
0.000
0.000
0.000
0.000
0.000
0.000
0.015
0.000
0.000
0.000
0.012
0.000
0.000
0.000
0.000
0.000
0.000
0.010
0.000
0.000
0.000
0.900
0.000
0.000
0.000
0.000
0.000
0.083
0.080
0.077
0.000
0.000
0.070
0.000
0.000
0.000
0.063
0.062
0.000
0.000
0.055
0.000
0.000
0.490
0.000
0.000
0.000
0.000
0.000
0.000
0.000
0.043
0.000
0.000
0.000
0.000
0.038
0.000
0.000
0.000
0.000
0.000
0.000
0.000
0.000
0.000
0.000
0.000
0.000
0.000
0.000
0.100
0.190
0.000
0.180
0.000
0.000
0.085
0.000
0.085
0.000
0.080
0.150
0.000
0.000
0.075
0.000
0.000
0.000
0.000
0.000
0.000
0.000
0.110
0.110
0.000
0.100
0.100
0.100
0.000
0.000
0.000
0.000
0.000
0.000
0.000
0.000
0.000
0.000
0.000
0.000
0.000
0.340
0.000
0.000
0.315
0.310
0.000
0.000
0.000
0.000
0.000
0.000
0.000
0.245
0.000
0.000
0.000
0.000
0.000
0.000
0.000
0.000
0.000
0.000
0.000
0.000
0.000
0.000
0.000
0.000
0.000
0.000
0.000
0.000
0.000
0.000
0.000
0.000
0.000
0.000
0.190
0.000
0.000
0.180
0.000
0.000
0.000
0.170
0.000
0.000
0.150
0.000
0.000
0.000
0.000
0.000
0.000
0.000
0.000
0.000
0.110
0.110
0.110
0.000
0.000
0.000
0.000
0.000
0.000
0.000
0.000
0.000
0.000
0.000
0.415
0.000
0.000
0.000
0.000
0.175
0.000
0.000
0.000
0.000
0.000
0.000
0.000
0.000
0.000
0.000
0.000
0.000
0.000
0.000
0.118
0.000
0.000
0.000
0.108
0.000
0.103
0.000
0.000
0.000
0.000
0.000
0.360
0.000
0.000
0.000
0.000
0.000
0.000
0.000
0.000
0.000
0.000
0.000
0.000
0.000
0.000
0.000
0.000
0.000
0.170
0.000
0.000
0.000
0.000
0.000
0.000
0.000
0.150
0.140
0.000
0.000
0.120
0.120
0.000
0.000
0.000
0.110
0.000
0.100
0.100
0.100
0.000
0.000
0.000
0.000
0.000
0.000
0.000
0.000
0.000
0.000
0.000
0.000
0.000
0.340
0.335
0.000
0.000
0.000
0.000
0.057
0.000
0.000
0.000
0.049
0.000
0.000
0.000
0.000
0.000
0.000
0.000
0.000
0.000
0.000
0.000
0.000
0.000
0.000
0.000
0.000
0.000
0.000
0.000
0.000
0.000
0.000
0.000
0.000
0.230
0.000
0.000
0.000
0.190
0.000
0.000
0.000
0.000
0.000
0.000
0.000
0.000
0.000
0.150
0.000
0.038
0.000
0.000
0.000
0.000
0.000
0.000
0.110
0.000
0.000
0.110
0.000
0.050
0.000
0.000
0.000
0.000
0.000
0.000
0.000
0.000
0.000
0.830
0.000
0.000
0.000
0.000
0.175
0.000
0.000
0.000
0.630
0.000
0.000
0.285
0.000
0.000
0.000
0.000
0.000
0.000
0.000
0.470
0.000
0.000
0.000
0.430
0.000
0.000
0.000
0.000
0.000
0.000
0.000
0.000
0.000
0.000
0.000
0.000
0.000
0.000
0.000
0.000
0.000
0.000
0.000
0.000
0.190
0.000
0.000
0.000
0.170
0.000
0.000
0.170
0.000
0.000
0.000
0.000
0.150
0.150
0.140
0.000
0.120
0.120
0.120
0.000
0.000
0.110
0.028
0.000
0.100
0.100
0.000
0.000
0.000
0.000
0.000
0.000
0.000
0.000
0.000
0.000
0.000
0.000
0.000
0.000
0.000
0.000
0.000
0.000
0.000
0.000
0.000
0.000
0.000
0.000
0.049
0.000
0.000
0.000
0.000
0.000
0.000
0.000
0.000
0.000
0.000
0.000
0.000
0.000
0.000
0.000
0.000
0.000
0.000
0.000
0.000
0.000
0.000
0.000
0.000
0.000
0.000
0.000
0.000
0.000
0.000
0.000
0.000
0.170
0.000
0.170
0.000
0.000
0.000
0.150
0.150
0.150
0.000
0.140
0.000
0.000
0.000
0.000
0.000
0.000
0.000
0.110
0.000
0.100
0.100
0.000
0.000
0.000
0.000
0.000
0.860
0.000
0.000
0.000
0.000
0.000
0.000
0.000
0.000
0.000
0.000
0.000
0.630
0.000
0.000
0.000
0.000
0.000
0.000
0.000
0.000
0.000
0.000
0.000
0.000
0.000
0.000
0.000
0.000
0.000
0.000
0.000
0.000
0.000
0.000
0.036
0.000
0.000
0.000
0.000
0.000
0.000
0.000
0.000
0.000
0.000
0.000
0.000
0.048
0.000
0.000
0.045
0.017
0.000
0.000
0.000
0.000
0.000
0.000
0.000
0.000
0.000
0.000
0.000
0.000
0.000
0.000
0.000
0.000
0.000
0.000
0.000
0.100
0.100
0.000
0.000
0.000
0.000
0.000
0.860
0.000
0.840
0.830
0.400
0.000
0.000
0.000
0.700
0.680
0.000
0.000
0.320
0.000
0.000
0.000
0.550
0.530
0.000
0.000
0.000
0.000
0.000
0.470
0.460
0.000
0.000
0.430
0.000
0.000
0.000
0.000
0.000
0.000
0.000
0.000
0.000
0.000
0.000
0.000
0.000
0.000
0.000
0.000
0.000
0.000
0.000
0.000
0.190
0.000
0.000
0.180
0.000
0.000
0.170
0.170
0.000
0.000
0.000
0.150
0.150
0.000
0.000
0.000
0.000
0.000
0.120
0.000
0.110
0.000
0.110
0.000
0.100
0.100
0.000
0.000
0.000
0.000
0.435
0.000
0.000
0.420
0.000
0.000
0.000
0.000
0.000
0.000
0.000
0.000
0.000
0.000
0.000
0.000
0.285
0.000
0.000
0.000
0.245
0.000
0.000
0.000
0.000
0.000
0.000
0.000
0.430
0.000
0.000
0.000
0.000
0.000
0.000
0.000
0.000
0.000
0.000
0.000
0.000
0.000
0.000
0.000
0.000
0.000
0.000
0.000
0.000
0.190
0.000
0.000
0.000
0.000
0.000
0.000
0.000
0.000
0.000
0.000
0.000
0.150
0.000
0.000
0.000
0.000
0.120
0.000
0.000
0.000
0.000
0.000
0.000
0.000
0.100
0.000
0.000
0.000
0.088
0.000
0.000
0.000
0.000
0.000
0.000
0.000
0.000
0.730
0.000
0.000
0.000
0.000
0.000
0.000
0.150
0.000
0.000
0.000
0.000
0.049
0.000
0.000
0.000
0.000
0.000
0.000
0.000
0.000
0.000
0.000
0.000
0.000
0.000
0.000
0.000
0.000
0.000
0.000
0.000
0.000
0.000
0.000
0.000
0.000
0.000
0.000
0.000
0.000
0.000
0.000
0.000
0.000
0.000
0.000
0.000
0.000
0.000
0.160
0.000
0.000
0.000
0.000
0.000
0.000
0.000
0.000
0.000
0.000
0.000
0.000
0.000
0.000
0.000
0.000
0.000
0.000
0.000
0.000
0.000
0.420
0.000
0.000
0.000
0.800
0.000
0.000
0.000
0.000
0.000
0.000
0.650
0.000
0.620
0.000
0.000
0.000
0.000
0.000
0.000
0.490
0.490
0.000
0.000
0.000
0.000
0.000
0.000
0.000
0.000
0.000
0.000
0.000
0.000
0.000
0.000
0.000
0.000
0.000
0.000
0.000
0.000
0.000
0.000
0.230
0.000
0.000
0.200
0.190
0.000
0.180
0.180
0.000
0.000
0.000
0.000
0.000
0.000
0.000
0.000
0.150
0.000
0.000
0.000
0.000
0.120
0.120
0.000
0.000
0.000
0.000
0.000
0.100
0.000
0.000
0.000
0.090
0.000
0.000
0.086
0.000
0.000
0.000
0.200
0.385
0.750
0.000
0.000
0.000
0.000
0.650
0.000
0.310
0.000
0.000
0.000
0.000
0.500
0.000
0.000
0.000
0.000
0.000
0.000
0.000
0.000
0.000
0.000
0.000
0.000
0.390
0.000
0.000
0.000
0.000
0.000
0.000
0.000
0.000
0.000
0.000
0.000
0.000
0.230
0.000
0.000
0.000
0.190
0.000
0.000
0.000
0.000
0.170
0.000
0.000
0.000
0.000
0.000
0.000
0.000
0.000
0.000
0.000
0.120
0.000
0.000
0.000
0.000
0.000
0.000
0.000
0.100
0.100
0.000
0.000
0.000
0.000
0.000
0.000
0.000
0.000
0.000
0.400
0.000
0.380
0.000
0.000
0.680
0.000
0.650
0.310
0.000
0.000
0.570
0.000
0.000
0.500
0.000
0.000
0.250
0.000
0.000
0.000
0.000
0.000
0.000
0.000
0.000
0.000
0.000
0.000
0.000
0.000
0.000
0.000
0.000
0.000
0.000
0.000
0.000
0.000
0.000
0.000
0.000
0.000
0.000
0.190
0.000
0.000
0.000
0.000
0.000
0.000
0.000
0.000
0.160
0.000
0.000
0.000
0.000
0.000
0.000
0.120
0.000
0.000
0.000
0.000
0.000
0.000
0.000
0.100
0.000
0.000
0.000
0.000
0.000
0.000
0.000
0.000
0.420
0.000
0.000
0.000
0.350
0.000
0.000
0.000
0.000
0.000
0.310
0.620
0.000
0.000
0.000
0.000
0.000
0.000
0.000
0.000
0.000
0.000
0.000
0.000
0.000
0.000
0.000
0.000
0.000
0.000
0.000
0.000
0.000
0.000
0.000
0.000
0.000
0.000
0.000
0.000
0.000
0.000
0.230
0.000
0.000
0.000
0.190
0.000
0.000
0.000
0.000
0.170
0.000
0.000
0.000
0.000
0.000
0.000
0.150
0.000
0.000
0.000
0.000
0.120
0.000
0.000
0.000
0.000
0.110
0.000
0.100
0.000
0.100
0.000
0.000
0.000
0.000
0.000
0.000
0.000
0.000
0.800
0.000
0.000
0.000
0.000
0.000
0.000
0.650
0.000
0.000
0.000
0.000
0.000
0.000
0.000
0.000
0.049
0.000
0.000
0.000
0.000
0.000
0.000
0.000
0.000
0.000
0.000
0.000
0.000
0.000
0.000
0.000
0.000
0.000
0.000
0.000
0.000
0.000
0.000
0.000
0.000
0.000
0.000
0.000
0.000
0.000
0.000
0.090
0.000
0.000
0.000
0.000
0.000
0.000
0.000
0.075
0.075
0.000
0.000
0.000
0.000
0.120
0.000
0.000
0.000
0.000
0.110
0.000
0.100
0.100
0.000
0.000
0.000
0.000
0.000
0.000
0.000
0.000
0.000
0.000
0.000
0.000
0.000
0.000
0.000
0.000
0.000
0.063
0.620
0.000
0.000
0.000
0.000
0.000
0.000
0.000
0.000
0.000
0.000
0.000
0.000
0.000
0.000
0.000
0.410
0.000
0.000
0.000
0.000
0.000
0.000
0.000
0.000
0.000
0.000
0.000
0.000
0.000
0.000
0.000
0.000
0.000
0.000
0.190
0.000
0.000
0.180
0.000
0.000
0.000
0.000
0.000
0.000
0.150
0.000
0.000
0.000
0.000
0.000
0.000
0.000
0.000
0.000
0.000
0.000
0.000
0.000
0.100
0.100
0.100
0.100
0.000
0.000
0.000
0.000
0.000
0.000
0.000
0.000
0.000
0.000
0.730
0.000
0.000
0.000
0.000
0.630
0.000
0.600
0.000
0.000
0.000
0.000
0.000
0.000
0.000
0.000
0.000
0.000
0.000
0.000
0.000
0.000
0.000
0.000
0.000
0.000
0.000
0.000
0.000
0.000
0.000
0.000
0.000
0.000
0.000
0.000
0.000
0.000
0.000
0.000
0.000
0.190
0.000
0.000
0.000
0.000
0.000
0.000
0.000
0.000
0.160
0.000
0.000
0.150
0.000
0.000
0.000
0.000
0.000
0.000
0.000
0.000
0.000
0.000
0.000
0.000
0.000
0.000
0.000
0.000
0.000
0.000
0.000
0.085
0.000
0.208
0.000
0.000
0.000
0.000
0.070
0.000
0.000
0.000
0.000
0.000
0.000
0.000
0.000
0.000
0.000
0.490
0.000
0.000
0.000
0.047
0.000
0.000
0.000
0.000
0.000
0.000
0.000
0.000
0.000
0.000
0.000
0.360
0.000
0.000
0.000
0.000
0.000
0.000
0.000
0.000
0.000
0.000
0.000
0.000
0.190
0.000
0.000
0.000
0.170
0.000
0.000
0.000
0.000
0.000
0.000
0.150
0.000
0.000
0.140
0.000
0.000
0.120
0.000
0.000
0.110
0.000
0.000
0.000
0.100
0.000
0.000
0.000
0.000
0.000
0.000
0.000
0.000
0.000
0.000
0.000
0.000
0.000
0.000
0.700
0.000
0.000
0.000
0.630
0.620
0.000
0.000
0.000
0.000
0.000
0.000
0.000
0.000
0.000
0.470
0.000
0.000
0.000
0.430
0.000
0.000
0.000
0.000
0.380
0.000
0.000
0.000
0.000
0.000
0.000
0.000
0.000
0.000
0.270
0.000
0.230
0.000
0.000
0.000
0.000
0.000
0.000
0.000
0.000
0.000
0.000
0.000
0.000
0.000
0.000
0.000
0.150
0.000
0.000
0.000
0.000
0.000
0.000
0.000
0.000
0.110
0.110
0.000
0.000
0.100
0.000
0.000
0.000
0.000
0.000
0.000
0.000
0.000
0.830
0.800
0.000
0.000
0.730
0.000
0.000
0.000
0.000
0.630
0.000
0.000
0.570
0.000
0.000
0.500
0.000
0.490
0.000
0.000
0.000
0.000
0.000
0.000
0.430
0.000
0.000
0.000
0.000
0.000
0.000
0.000
0.000
0.000
0.000
0.000
0.000
0.000
0.000
0.000
0.250
0.230
0.000
0.000
0.000
0.190
0.000
0.000
0.000
0.000
0.000
0.000
0.000
0.000
0.000
0.150
0.000
0.150
0.000
0.000
0.000
0.000
0.120
0.000
0.000
0.000
0.110
0.110
0.000
0.000
0.100
0.000
0.000
0.000
0.000
0.000
0.860
0.000
0.000
0.000
0.000
0.770
0.000
0.000
0.000
0.000
0.000
0.650
0.630
0.620
0.000
0.000
0.000
0.000
0.000
0.000
0.000
0.000
0.000
0.000
0.000
0.000
0.000
0.000
0.000
0.000
0.000
0.000
0.000
0.000
0.000
0.000
0.000
0.000
0.000
0.000
0.000
0.000
0.000
0.000
0.000
0.000
0.000
0.000
0.190
0.000
0.000
0.000
0.000
0.000
0.000
0.000
0.000
0.000
0.000
0.000
0.150
0.000
0.000
0.000
0.000
0.000
0.000
0.000
0.000
0.000
0.000
0.000
0.100
0.000
0.000
0.000
0.225
0.000
0.000
0.000
0.850
0.000
0.208
0.200
0.000
0.000
0.000
0.175
0.000
0.000
0.000
0.630
0.155
0.000
0.143
0.000
0.000
0.000
0.490
0.490
0.000
0.000
0.118
0.115
0.000
0.000
0.108
0.000
0.000
0.000
0.000
0.000
0.000
0.000
0.090
0.000
0.000
0.000
0.000
0.000
0.000
0.000
0.000
0.230
0.000
0.000
0.000
0.000
0.000
0.000
0.000
0.000
0.000
0.170
0.170
0.000
0.000
0.000
0.000
0.150
0.150
0.140
0.000
0.000
0.120
0.000
0.000
0.000
0.000
0.000
0.000
0.100
0.100
0.000
0.000
0.000
0.000
0.000
0.000
0.000
0.000
0.000
0.000
0.000
0.000
0.730
0.000
0.000
0.000
0.000
0.000
0.000
0.000
0.000
0.000
0.000
0.000
0.490
0.000
0.000
0.000
0.000
0.000
0.000
0.000
0.000
0.000
0.000
0.000
0.000
0.000
0.000
0.000
0.000
0.000
0.000
0.000
0.000
0.000
0.000
0.000
0.000
0.000
0.230
0.000
0.000
0.000
0.000
0.000
0.000
0.170
0.000
0.000
0.000
0.000
0.000
0.000
0.000
0.000
0.000
0.000
0.000
0.000
0.120
0.000
0.000
0.000
0.000
0.000
0.000
0.000
0.000
0.000
0.000
0.000
0.000
0.000
0.000
0.000
0.000
0.000
0.400
0.380
0.000
0.000
0.175
0.000
0.000
0.000
0.310
0.300
0.000
0.000
0.000
0.000
0.250
0.490
0.000
0.000
0.000
0.000
0.000
0.000
0.000
0.430
0.000
0.000
0.000
0.000
0.380
0.000
0.000
0.000
0.000
0.340
0.320
0.000
0.000
0.000
0.000
0.000
0.230
0.000
0.000
0.000
0.190
0.190
0.000
0.180
0.000
0.000
0.170
0.170
0.000
0.000
0.000
0.150
0.150
0.150
0.140
0.130
0.120
0.120
0.000
0.000
0.000
0.000
0.110
0.000
0.100
0.000
0.000
0.000
0.000
0.000
0.000
0.000
0.000
0.000
0.830
0.800
0.000
0.000
0.365
0.000
0.000
0.000
0.000
0.630
0.000
0.000
0.570
0.000
0.000
0.500
0.123
0.490
0.000
0.000
0.118
0.000
0.000
0.000
0.000
0.000
0.000
0.000
0.000
0.380
0.000
0.000
0.000
0.000
0.000
0.320
0.000
0.000
0.000
0.000
0.250
0.000
0.000
0.000
0.000
0.000
0.000
0.000
0.000
0.000
0.000
0.000
0.000
0.000
0.000
0.000
0.000
0.000
0.150
0.000
0.000
0.120
0.120
0.120
0.000
0.110
0.000
0.110
0.000
0.100
0.100
0.000
0.000
0.000
0.000
0.000
0.000
0.000
0.000
0.000
0.000
0.000
0.000
0.000
0.070
0.000
0.000
0.000
0.000
0.000
0.000
0.000
0.000
0.000
0.000
0.000
0.000
0.000
0.000
0.000
0.000
0.000
0.000
0.000
0.000
0.000
0.000
0.000
0.000
0.000
0.000
0.000
0.000
0.000
0.000
0.000
0.000
0.000
0.000
0.000
0.000
0.000
0.000
0.000
0.190
0.000
0.000
0.000
0.000
0.000
0.000
0.000
0.000
0.000
0.000
0.000
0.150
0.000
0.000
0.000
0.000
0.120
0.000
0.000
0.000
0.000
0.110
0.000
0.000
0.000
0.000
0.000
0.000
0.000
0.000
0.000
0.000
0.000
0.000
0.000
0.000
0.000
0.000
0.000
0.000
0.000
0.000
0.000
0.000
0.000
0.285
0.275
0.000
0.000
0.000
0.000
0.000
0.000
0.000
0.000
0.000
0.000
0.000
0.000
0.000
0.000
0.000
0.000
0.000
0.000
0.000
0.000
0.000
0.000
0.000
0.000
0.000
0.000
0.000
0.230
0.000
0.000
0.000
0.000
0.000
0.000
0.180
0.000
0.000
0.000
0.000
0.000
0.000
0.000
0.150
0.150
0.150
0.000
0.000
0.000
0.120
0.120
0.000
0.000
0.000
0.000
0.000
0.100
0.000
0.000
0.000
0.000
0.000
0.000
0.000
0.000
0.000
0.000
0.450
0.000
0.000
0.000
0.000
0.000
0.000
0.000
0.630
0.000
0.000
0.570
0.000
0.000
0.000
0.490
0.490
0.000
0.000
0.000
0.000
0.450
0.000
0.000
0.000
0.000
0.000
0.000
0.000
0.000
0.000
0.000
0.000
0.000
0.000
0.000
0.000
0.000
0.000
0.250
0.000
0.000
0.000
0.000
0.190
0.000
0.000
0.000
0.000
0.000
0.000
0.000
0.000
0.000
0.000
0.000
0.150
0.150
0.000
0.000
0.000
0.120
0.120
0.000
0.000
0.000
0.000
0.000
0.100
0.100
0.000
0.000
0.000
0.000
0.000
0.000
0.085
0.000
0.000
0.000
0.000
0.000
0.000
0.070
0.068
0.067
0.000
0.300
0.000
0.000
0.000
0.000
0.000
0.000
0.000
0.000
0.000
0.000
0.000
0.000
0.000
0.000
0.000
0.000
0.000
0.000
0.000
0.000
0.000
0.000
0.000
0.000
0.000
0.000
0.000
0.000
0.000
0.000
0.000
0.000
0.000
0.000
0.000
0.190
0.000
0.000
0.000
0.000
0.000
0.000
0.000
0.000
0.000
0.000
0.000
0.000
0.000
0.000
0.000
0.000
0.120
0.000
0.000
0.000
0.000
0.000
0.000
0.100
0.100
0.100
0.000
0.000
0.000
0.000
0.000
0.000
0.000
0.000
0.000
0.000
0.000
0.000
0.000
0.000
0.000
0.000
0.630
0.620
0.000
0.000
0.000
0.000
0.000
0.000
0.000
0.000
0.000
0.000
0.000
0.000
0.000
0.000
0.000
0.000
0.000
0.000
0.000
0.000
0.000
0.000
0.000
0.000
0.320
0.000
0.000
0.000
0.000
0.000
0.000
0.000
0.000
0.000
0.190
0.000
0.000
0.000
0.000
0.000
0.000
0.000
0.000
0.000
0.000
0.000
0.000
0.000
0.000
0.000
0.000
0.120
0.000
0.000
0.000
0.000
0.000
0.000
0.100
0.100
0.100
0.000
0.000
0.000
0.000
0.000
0.000
0.000
0.000
0.800
0.000
0.000
0.000
0.000
0.000
0.000
0.000
0.630
0.620
0.000
0.000
0.000
0.000
0.000
0.000
0.000
0.000
0.000
0.000
0.000
0.000
0.000
0.000
0.000
0.000
0.000
0.000
0.000
0.000
0.000
0.000
0.000
0.000
0.000
0.000
0.000
0.000
0.000
0.000
0.000
0.000
0.000
0.000
0.190
0.000
0.000
0.000
0.000
0.000
0.000
0.000
0.000
0.000
0.000
0.000
0.000
0.000
0.000
0.000
0.000
0.120
0.000
0.000
0.110
0.110
0.000
0.000
0.100
0.000
0.000
0.000
0.000
0.000
0.000
0.000
0.000
0.000
0.000
0.800
0.000
0.750
0.000
0.000
0.000
0.000
0.000
0.000
0.620
0.000
0.000
0.000
0.530
0.000
0.490
0.000
0.490
0.000
0.000
0.000
0.000
0.000
0.000
0.000
0.000
0.000
0.000
0.000
0.000
0.000
0.360
0.000
0.000
0.000
0.000
0.000
0.000
0.000
0.000
0.000
0.000
0.000
0.000
0.190
0.000
0.180
0.000
0.000
0.170
0.000
0.000
0.000
0.000
0.000
0.000
0.000
0.000
0.000
0.000
0.120
0.000
0.120
0.000
0.000
0.000
0.000
0.000
0.100
0.100
0.000
0.000
0.090
0.000
0.000
0.000
0.000
0.000
0.420
0.000
0.000
0.000
0.000
0.070
0.680
0.670
0.000
0.300
0.310
0.000
0.285
0.000
0.000
0.500
0.245
0.000
0.000
0.000
0.250
0.046
0.000
0.000
0.200
0.000
0.000
0.000
0.390
0.000
0.000
0.000
0.180
0.000
0.000
0.000
0.000
0.000
0.000
0.000
0.000
0.230
0.000
0.000
0.000
0.190
0.000
0.000
0.180
0.170
0.000
0.000
0.000
0.000
0.000
0.000
0.150
0.150
0.150
0.140
0.000
0.000
0.120
0.000
0.000
0.110
0.110
0.110
0.000
0.000
0.100
0.000
0.000
0.000
0.000
0.000
0.000
0.000
0.000
0.000
0.000
0.000
0.000
0.000
0.000
0.000
0.000
0.000
0.000
0.000
0.000
0.000
0.000
0.000
0.000
0.000
0.000
0.000
0.000
0.000
0.000
0.000
0.000
0.000
0.000
0.000
0.000
0.000
0.000
0.000
0.000
0.000
0.000
0.000
0.000
0.000
0.000
0.000
0.000
0.000
0.000
0.000
0.000
0.000
0.190
0.000
0.000
0.000
0.000
0.000
0.000
0.000
0.000
0.000
0.000
0.000
0.150
0.000
0.000
0.000
0.000
0.000
0.000
0.000
0.000
0.000
0.000
0.100
0.100
0.000
0.000
0.000
0.450
0.000
0.870
0.000
0.430
0.000
0.400
0.000
0.000
0.000
0.000
0.000
0.000
0.000
0.000
0.630
0.620
0.000
0.570
0.000
0.000
0.500
0.490
0.000
0.000
0.480
0.200
0.200
0.000
0.000
0.200
0.000
0.410
0.000
0.195
0.380
0.000
0.000
0.000
0.000
0.000
0.320
0.000
0.000
0.000
0.000
0.250
0.230
0.000
0.000
0.200
0.190
0.000
0.000
0.000
0.170
0.000
0.170
0.170
0.000
0.000
0.150
0.150
0.150
0.150
0.140
0.000
0.000
0.120
0.120
0.000
0.000
0.110
0.110
0.000
0.100
0.100
0.100
0.000
0.000
0.000
0.000
0.000
0.000
0.000
0.400
0.000
0.000
0.000
0.000
0.000
0.000
0.000
0.000
0.630
0.000
0.000
0.000
0.000
0.000
0.000
0.490
0.000
0.000
0.000
0.000
0.460
0.000
0.000
0.200
0.000
0.000
0.000
0.000
0.000
0.000
0.000
0.360
0.000
0.000
0.000
0.000
0.000
0.000
0.000
0.000
0.230
0.000
0.000
0.000
0.190
0.000
0.000
0.000
0.170
0.000
0.000
0.000
0.000
0.160
0.000
0.150
0.000
0.150
0.000
0.000
0.120
0.120
0.120
0.000
0.000
0.000
0.110
0.100
0.000
0.100
0.100
0.000
0.000
0.000
0.000
0.000
0.000
0.000
0.000
0.000
0.000
0.000
0.000
0.350
0.680
0.000
0.000
0.630
0.320
0.000
0.000
0.000
0.000
0.000
0.000
0.000
0.000
0.000
0.000
0.000
0.000
0.000
0.430
0.000
0.000
0.000
0.000
0.000
0.000
0.000
0.000
0.000
0.000
0.320
0.000
0.000
0.000
0.000
0.000
0.000
0.000
0.000
0.000
0.000
0.000
0.000
0.000
0.000
0.000
0.000
0.000
0.000
0.160
0.150
0.000
0.000
0.000
0.000
0.000
0.000
0.120
0.000
0.000
0.000
0.000
0.000
0.100
0.100
0.000
0.000
0.000
0.000
0.000
0.000
0.000
0.000
0.000
0.400
0.000
0.000
0.000
0.000
0.000
0.350
0.000
0.000
0.320
0.300
0.000
0.570
0.000
0.000
0.000
0.000
0.000
0.490
0.000
0.000
0.000
0.000
0.000
0.200
0.000
0.000
0.000
0.000
0.000
0.000
0.000
0.000
0.000
0.000
0.000
0.000
0.000
0.000
0.000
0.000
0.230
0.000
0.000
0.000
0.000
0.000
0.180
0.180
0.000
0.000
0.000
0.000
0.000
0.000
0.000
0.000
0.000
0.150
0.140
0.000
0.000
0.120
0.000
0.000
0.000
0.110
0.000
0.000
0.100
0.100
0.000
0.000
0.000
0.000
0.000
0.000
0.000
0.000
0.000
0.000
0.000
0.000
0.730
0.000
0.000
0.000
0.000
0.000
0.000
0.000
0.000
0.000
0.000
0.000
0.490
0.000
0.000
0.000
0.000
0.460
0.000
0.000
0.200
0.000
0.410
0.000
0.000
0.000
0.000
0.000
0.000
0.000
0.000
0.000
0.000
0.000
0.000
0.000
0.000
0.000
0.000
0.000
0.000
0.190
0.000
0.000
0.000
0.000
0.170
0.000
0.000
0.000
0.000
0.000
0.000
0.150
0.000
0.140
0.000
0.000
0.120
0.000
0.000
0.110
0.110
0.000
0.100
0.100
0.000
0.000
0.000
0.090
0.000
0.000
0.000
0.000
0.000
0.000
0.000
0.000
0.000
0.000
0.700
0.000
0.000
0.000
0.630
0.062
0.000
0.000
0.000
0.000
0.500
0.490
0.000
0.490
0.000
0.000
0.460
0.000
0.000
0.430
0.000
0.410
0.000
0.098
0.000
0.000
0.000
0.360
0.000
0.000
0.000
0.000
0.000
0.000
0.270
0.250
0.230
0.230
0.000
0.000
0.190
0.000
0.000
0.180
0.170
0.000
0.000
0.000
0.160
0.000
0.150
0.150
0.150
0.150
0.000
0.000
0.000
0.120
0.000
0.000
0.000
0.000
0.110
0.000
0.100
0.100
0.000
0.000
0.000
0.000
0.000
0.000
0.000
0.000
0.000
0.000
0.000
0.000
0.000
0.000
0.680
0.000
0.000
0.000
0.000
0.000
0.000
0.000
0.000
0.000
0.000
0.000
0.000
0.000
0.000
0.000
0.000
0.000
0.430
0.000
0.410
0.000
0.000
0.000
0.000
0.000
0.360
0.000
0.340
0.000
0.300
0.000
0.000
0.000
0.000
0.000
0.000
0.000
0.200
0.190
0.000
0.000
0.000
0.000
0.000
0.000
0.170
0.000
0.000
0.000
0.150
0.150
0.150
0.000
0.000
0.000
0.120
0.000
0.000
0.110
0.000
0.000
0.000
0.000
0.100
0.000
0.000
0.000
0.000
0.000
0.000
0.000
0.000
0.000
0.000
0.000
0.000
0.000
0.000
0.000
0.000
0.000
0.000
0.310
0.000
0.000
0.000
0.000
0.000
0.000
0.000
0.000
0.000
0.000
0.460
0.000
0.000
0.000
0.000
0.000
0.000
0.000
0.000
0.000
0.000
0.000
0.000
0.000
0.000
0.000
0.000
0.290
0.000
0.000
0.230
0.000
0.000
0.000
0.190
0.000
0.000
0.180
0.000
0.000
0.170
0.000
0.000
0.160
0.150
0.150
0.150
0.150
0.000
0.000
0.000
0.120
0.000
0.000
0.110
0.000
0.110
0.000
0.100
0.100
0.000
0.000
0.000
0.000
0.000
0.000
0.000
0.000
0.000
0.000
0.000
0.000
0.000
0.070
0.000
0.000
0.000
0.158
0.155
0.000
0.000
0.000
0.000
0.000
0.490
0.000
0.000
0.000
0.000
0.000
0.000
0.000
0.430
0.000
0.000
0.000
0.000
0.000
0.000
0.000
0.000
0.000
0.000
0.000
0.000
0.000
0.000
0.000
0.000
0.000
0.000
0.000
0.000
0.190
0.000
0.000
0.000
0.000
0.000
0.000
0.000
0.160
0.000
0.000
0.150
0.150
0.000
0.000
0.000
0.120
0.120
0.000
0.000
0.000
0.000
0.000
0.000
0.100
0.100
0.100
0.000
0.090
0.000
0.000
0.000
0.000
0.000
0.000
0.000
0.000
0.000
0.073
0.000
0.000
0.000
0.000
0.063
0.062
0.000
0.000
0.000
0.000
0.050
0.020
0.000
0.000
0.000
0.000
0.000
0.000
0.000
0.000
0.000
0.000
0.000
0.000
0.000
0.000
0.000
0.000
0.000
0.000
0.000
0.000
0.000
0.000
0.000
0.000
0.230
0.230
0.000
0.200
0.190
0.000
0.000
0.180
0.000
0.170
0.170
0.000
0.160
0.160
0.000
0.150
0.150
0.150
0.140
0.000
0.000
0.120
0.000
0.000
0.110
0.110
0.110
0.000
0.100
0.100
0.100
0.000
0.450
0.000
0.870
0.000
0.850
0.840
0.000
0.000
0.000
0.000
0.000
0.700
0.680
0.000
0.000
0.630
0.620
0.000
0.285
0.000
0.000
0.500
0.370
0.000
0.000
0.000
0.000
0.320
0.000
0.000
0.330
0.250
0.000
0.000
0.000
0.000
0.000
0.000
0.036
0.000
0.000
0.000
0.000
0.250
0.000
0.210
0.000
0.200
0.230
0.000
0.000
0.190
0.000
0.180
0.180
0.170
0.170
0.000
0.000
0.160
0.160
0.150
0.150
0.150
0.000
0.000
0.130
0.120
0.120
0.000
0.000
0.110
0.000
0.110
0.000
0.100
0.000
0.100
0.000
0.000
0.000
0.000
0.215
0.000
0.000
0.000
0.000
0.000
0.000
0.000
0.000
0.680
0.000
0.000
0.158
0.000
0.000
0.000
0.000
0.000
0.000
0.123
0.000
0.000
0.000
0.000
0.000
0.000
0.000
0.215
0.000
0.000
0.000
0.000
0.000
0.000
0.000
0.000
0.000
0.340
0.000
0.000
0.000
0.000
0.000
0.000
0.000
0.000
0.000
0.000
0.190
0.000
0.000
0.000
0.170
0.170
0.000
0.000
0.000
0.000
0.000
0.150
0.150
0.000
0.000
0.000
0.000
0.120
0.000
0.000
0.000
0.110
0.000
0.000
0.100
0.100
0.100
0.000
0.000
0.000
0.000
0.000
0.000
0.210
0.415
0.000
0.000
0.000
0.000
0.000
0.000
0.000
0.000
0.000
0.000
0.000
0.000
0.000
0.000
0.000
0.000
0.000
0.000
0.000
0.118
0.270
0.000
0.000
0.215
0.000
0.000
0.000
0.098
0.000
0.000
0.000
0.360
0.000
0.000
0.000
0.000
0.000
0.000
0.000
0.000
0.000
0.000
0.000
0.000
0.190
0.000
0.000
0.180
0.000
0.170
0.170
0.000
0.000
0.160
0.150
0.150
0.150
0.000
0.000
0.130
0.000
0.120
0.000
0.000
0.110
0.000
0.110
0.000
0.100
0.000
0.000
0.000
0.450
0.000
0.000
0.000
0.000
0.000
0.000
0.000
0.000
0.000
0.000
0.175
0.680
0.000
0.000
0.000
0.310
0.000
0.000
0.000
0.000
0.500
0.490
0.000
0.000
0.000
0.000
0.230
0.000
0.000
0.215
0.000
0.000
0.000
0.000
0.000
0.000
0.000
0.320
0.000
0.000
0.000
0.000
0.230
0.000
0.000
0.000
0.000
0.230
0.000
0.000
0.190
0.000
0.000
0.180
0.170
0.000
0.170
0.160
0.000
0.000
0.150
0.150
0.000
0.150
0.140
0.000
0.000
0.120
0.000
0.000
0.110
0.110
0.110
0.000
0.100
0.100
0.000
0.000
0.000
0.000
0.000
0.000
0.000
0.000
0.000
0.000
0.000
0.000
0.730
0.000
0.000
0.000
0.000
0.000
0.000
0.000
0.000
0.000
0.000
0.000
0.000
0.000
0.000
0.000
0.000
0.000
0.000
0.000
0.000
0.000
0.000
0.000
0.000
0.000
0.000
0.000
0.000
0.000
0.000
0.000
0.000
0.000
0.000
0.000
0.000
0.000
0.000
0.000
0.000
0.000
0.000
0.000
0.000
0.000
0.000
0.000
0.000
0.000
0.000
0.000
0.000
0.000
0.000
0.000
0.000
0.000
0.000
0.000
0.000
0.000
0.000
0.000
0.000
0.000
0.000
0.000
0.000
0.900
0.000
0.000
0.000
0.000
0.000
0.000
0.800
0.000
0.000
0.000
0.700
0.000
0.000
0.000
0.000
0.620
0.000
0.570
0.000
0.000
0.500
0.490
0.000
0.000
0.480
0.000
0.460
0.000
0.000
0.000
0.000
0.410
0.000
0.390
0.000
0.000
0.000
0.000
0.000
0.000
0.000
0.000
0.000
0.290
0.270
0.250
0.200
0.230
0.000
0.000
0.190
0.000
0.180
0.180
0.170
0.170
0.170
0.170
0.160
0.000
0.150
0.150
0.150
0.150
0.140
0.000
0.000
0.120
0.000
0.000
0.110
0.000
0.110
0.000
0.100
0.100
0.100
0.000
0.000
0.000
0.000
0.430
0.000
0.000
0.000
0.400
0.770
0.000
0.000
0.000
0.000
0.000
0.000
0.000
0.620
0.000
0.570
0.550
0.000
0.000
0.490
0.000
0.000
0.000
0.000
0.000
0.000
0.000
0.000
0.000
0.000
0.000
0.000
0.000
0.000
0.000
0.000
0.000
0.000
0.000
0.000
0.000
0.000
0.000
0.000
0.000
0.000
0.000
0.000
0.190
0.000
0.000
0.000
0.000
0.000
0.000
0.000
0.160
0.000
0.000
0.150
0.000
0.000
0.000
0.000
0.120
0.120
0.000
0.000
0.000
0.000
0.000
0.000
0.100
0.100
0.000
0.000
0.900
0.000
0.000
0.000
0.850
0.000
0.000
0.000
0.385
0.000
0.000
0.000
0.000
0.000
0.000
0.000
0.000
0.000
0.000
0.000
0.000
0.000
0.000
0.000
0.000
0.000
0.000
0.000
0.000
0.000
0.000
0.000
0.000
0.000
0.195
0.000
0.000
0.000
0.360
0.000
0.000
0.000
0.000
0.000
0.000
0.000
0.000
0.000
0.000
0.000
0.200
0.190
0.000
0.000
0.180
0.170
0.000
0.000
0.000
0.160
0.000
0.000
0.150
0.150
0.000
0.000
0.000
0.000
0.120
0.000
0.000
0.110
0.000
0.000
0.000
0.100
0.100
0.000
0.000
0.000
0.000
0.000
0.000
0.000
0.210
0.000
0.800
0.000
0.000
0.000
0.000
0.680
0.000
0.000
0.630
0.620
0.000
0.000
0.000
0.000
0.000
0.490
0.000
0.000
0.000
0.000
0.000
0.000
0.000
0.000
0.000
0.000
0.000
0.000
0.000
0.000
0.000
0.000
0.000
0.000
0.000
0.000
0.000
0.000
0.000
0.000
0.230
0.000
0.000
0.000
0.190
0.000
0.180
0.000
0.000
0.000
0.000
0.170
0.160
0.000
0.000
0.150
0.150
0.150
0.140
0.000
0.120
0.120
0.120
0.110
0.110
0.110
0.110
0.000
0.100
0.000
0.000
0.000
