0.000
0.000
0.000
0.000
0.000
0.057
0.000
0.274
0.000
0.000
0.000
0.048
0.000
0.000
0.000
0.212
0.000
0.000
0.039
0.000
0.000
0.000
0.034
0.000
0.034
0.000
0.000
0.000
0.000
0.000
0.000
0.287
0.000
0.000
0.267
0.000
0.260
0.000
0.000
0.240
0.000
0.000
0.000
0.000
0.000
0.000
0.000
0.000
0.000
0.000
0.000
0.013
0.130
0.000
0.000
0.000
0.000
0.000
0.000
0.000
0.000
0.000
0.000
0.000
0.010
0.000
0.000
0.000
0.008
0.000
0.000
0.000
0.000
0.000
0.000
0.007
0.000
0.000
0.000
0.758
0.000
0.000
0.000
0.000
0.000
0.070
0.067
0.065
0.000
0.000
0.059
0.000
0.000
0.000
0.053
0.052
0.000
0.000
0.046
0.000
0.000
0.413
0.000
0.000
0.000
0.000
0.000
0.000
0.000
0.036
0.000
0.000
0.000
0.000
0.032
0.000
0.000
0.000
0.000
0.000
0.000
0.000
0.000
0.000
0.000
0.000
0.000
0.000
0.000
0.084
0.160
0.000
0.152
0.000
0.000
0.072
0.000
0.072
0.000
0.067
0.126
0.000
0.000
0.063
0.000
0.000
0.000
0.000
0.000
0.000
0.000
0.093
0.093
0.000
0.084
0.084
0.084
0.000
0.000
0.000
0.000
0.000
0.000
0.000
0.000
0.000
0.000
0.000
0.000
0.000
0.118
0.000
0.000
0.109
0.107
0.000
0.000
0.000
0.000
0.000
0.000
0.000
0.085
0.000
0.000
0.000
0.000
0.000
0.000
0.000
0.000
0.000
0.000
0.000
0.000
0.000
0.000
0.000
0.000
0.000
0.000
0.000
0.000
0.000
0.000
0.000
0.000
0.000
0.000
0.066
0.000
0.000
0.062
0.000
0.000
0.000
0.059
0.000
0.000
0.052
0.000
0.000
0.000
0.000
0.000
0.000
0.000
0.000
0.000
0.038
0.038
0.038
0.000
0.000
0.000
0.000
0.000
0.000
0.000
0.000
0.000
0.000
0.000
0.393
0.000
0.000
0.000
0.000
0.166
0.000
0.000
0.000
0.000
0.000
0.000
0.000
0.000
0.000
0.000
0.000
0.000
0.000
0.000
0.111
0.000
0.000
0.000
0.102
0.000
0.097
0.000
0.000
0.000
0.000
0.000
0.341
0.000
0.000
0.000
0.000
0.000
0.000
0.000
0.000
0.000
0.000
0.000
0.000
0.000
0.000
0.000
0.000
0.000
0.161
0.000
0.000
0.000
0.000
0.000
0.000
0.000
0.142
0.132
0.000
0.000
0.114
0.114
0.000
0.000
0.000
0.104
0.000
0.095
0.095
0.095
0.000
0.000
0.000
0.000
0.000
0.000
0.000
0.000
0.000
0.000
0.000
0.000
0.000
0.316
0.311
0.000
0.000
0.000
0.000
0.053
0.000
0.000
0.000
0.046
0.000
0.000
0.000
0.000
0.000
0.000
0.000
0.000
0.000
0.000
0.000
0.000
0.000
0.000
0.000
0.000
0.000
0.000
0.000
0.000
0.000
0.000
0.000
0.000
0.214
0.000
0.000
0.000
0.176
0.000
0.000
0.000
0.000
0.000
0.000
0.000
0.000
0.000
0.139
0.000
0.035
0.000
0.000
0.000
0.000
0.000
0.000
0.102
0.000
0.000
0.102
0.000
0.046
0.000
0.000
0.000
0.000
0.000
0.000
0.000
0.000
0.000
0.601
0.000
0.000
0.000
0.000
0.127
0.000
0.000
0.000
0.456
0.000
0.000
0.206
0.000
0.000
0.000
0.000
0.000
0.000
0.000
0.340
0.000
0.000
0.000
0.311
0.000
0.000
0.000
0.000
0.000
0.000
0.000
0.000
0.000
0.000
0.000
0.000
0.000
0.000
0.000
0.000
0.000
0.000
0.000
0.000
0.138
0.000
0.000
0.000
0.123
0.000
0.000
0.123
0.000
0.000
0.000
0.000
0.109
0.109
0.101
0.000
0.087
0.087
0.087
0.000
0.000
0.080
0.020
0.000
0.072
0.072
0.000
0.000
0.000
0.000
0.000
0.000
0.000
0.000
0.000
0.000
0.000
0.000
0.000
0.000
0.000
0.000
0.000
0.000
0.000
0.000
0.000
0.000
0.000
0.000
0.036
0.000
0.000
0.000
0.000
0.000
0.000
0.000
0.000
0.000
0.000
0.000
0.000
0.000
0.000
0.000
0.000
0.000
0.000
0.000
0.000
0.000
0.000
0.000
0.000
0.000
0.000
0.000
0.000
0.000
0.000
0.000
0.000
0.124
0.000
0.124
0.000
0.000
0.000
0.110
0.110
0.110
0.000
0.102
0.000
0.000
0.000
0.000
0.000
0.000
0.000
0.080
0.000
0.073
0.073
0.000
0.000
0.000
0.000
0.000
1.029
0.000
0.000
0.000
0.000
0.000
0.000
0.000
0.000
0.000
0.000
0.000
0.753
0.000
0.000
0.000
0.000
0.000
0.000
0.000
0.000
0.000
0.000
0.000
0.000
0.000
0.000
0.000
0.000
0.000
0.000
0.000
0.000
0.000
0.000
0.043
0.000
0.000
0.000
0.000
0.000
0.000
0.000
0.000
0.000
0.000
0.000
0.000
0.057
0.000
0.000
0.054
0.020
0.000
0.000
0.000
0.000
0.000
0.000
0.000
0.000
0.000
0.000
0.000
0.000
0.000
0.000
0.000
0.000
0.000
0.000
0.000
0.120
0.120
0.000
0.000
0.000
0.000
0.000
0.614
0.000
0.600
0.593
0.286
0.000
0.000
0.000
0.500
0.486
0.000
0.000
0.229
0.000
0.000
0.000
0.393
0.379
0.000
0.000
0.000
0.000
0.000
0.336
0.329
0.000
0.000
0.307
0.000
0.000
0.000
0.000
0.000
0.000
0.000
0.000
0.000
0.000
0.000
0.000
0.000
0.000
0.000
0.000
0.000
0.000
0.000
0.000
0.136
0.000
0.000
0.129
0.000
0.000
0.121
0.121
0.000
0.000
0.000
0.107
0.107
0.000
0.000
0.000
0.000
0.000
0.086
0.000
0.079
0.000
0.079
0.000
0.071
0.071
0.000
0.000
0.000
0.000
0.291
0.000
0.000
0.281
0.000
0.000
0.000
0.000
0.000
0.000
0.000
0.000
0.000
0.000
0.000
0.000
0.191
0.000
0.000
0.000
0.164
0.000
0.000
0.000
0.000
0.000
0.000
0.000
0.288
0.000
0.000
0.000
0.000
0.000
0.000
0.000
0.000
0.000
0.000
0.000
0.000
0.000
0.000
0.000
0.000
0.000
0.000
0.000
0.000
0.127
0.000
0.000
0.000
0.000
0.000
0.000
0.000
0.000
0.000
0.000
0.000
0.100
0.000
0.000
0.000
0.000
0.080
0.000
0.000
0.000
0.000
0.000
0.000
0.000
0.067
0.000
0.000
0.000
0.097
0.000
0.000
0.000
0.000
0.000
0.000
0.000
0.000
0.804
0.000
0.000
0.000
0.000
0.000
0.000
0.165
0.000
0.000
0.000
0.000
0.054
0.000
0.000
0.000
0.000
0.000
0.000
0.000
0.000
0.000
0.000
0.000
0.000
0.000
0.000
0.000
0.000
0.000
0.000
0.000
0.000
0.000
0.000
0.000
0.000
0.000
0.000
0.000
0.000
0.000
0.000
0.000
0.000
0.000
0.000
0.000
0.000
0.000
0.176
0.000
0.000
0.000
0.000
0.000
0.000
0.000
0.000
0.000
0.000
0.000
0.000
0.000
0.000
0.000
0.000
0.000
0.000
0.000
0.000
0.000
0.153
0.000
0.000
0.000
0.292
0.000
0.000
0.000
0.000
0.000
0.000
0.238
0.000
0.227
0.000
0.000
0.000
0.000
0.000
0.000
0.179
0.179
0.000
0.000
0.000
0.000
0.000
0.000
0.000
0.000
0.000
0.000
0.000
0.000
0.000
0.000
0.000
0.000
0.000
0.000
0.000
0.000
0.000
0.000
0.084
0.000
0.000
0.073
0.069
0.000
0.066
0.066
0.000
0.000
0.000
0.000
0.000
0.000
0.000
0.000
0.055
0.000
0.000
0.000
0.000
0.044
0.044
0.000
0.000
0.000
0.000
0.000
0.037
0.000
0.000
0.000
0.103
0.000
0.000
0.098
0.000
0.000
0.000
0.229
0.441
0.858
0.000
0.000
0.000
0.000
0.744
0.000
0.355
0.000
0.000
0.000
0.000
0.572
0.000
0.000
0.000
0.000
0.000
0.000
0.000
0.000
0.000
0.000
0.000
0.000
0.446
0.000
0.000
0.000
0.000
0.000
0.000
0.000
0.000
0.000
0.000
0.000
0.000
0.263
0.000
0.000
0.000
0.217
0.000
0.000
0.000
0.000
0.195
0.000
0.000
0.000
0.000
0.000
0.000
0.000
0.000
0.000
0.000
0.137
0.000
0.000
0.000
0.000
0.000
0.000
0.000
0.114
0.114
0.000
0.000
0.000
0.000
0.000
0.000
0.000
0.000
0.000
0.506
0.000
0.481
0.000
0.000
0.860
0.000
0.823
0.392
0.000
0.000
0.721
0.000
0.000
0.633
0.000
0.000
0.316
0.000
0.000
0.000
0.000
0.000
0.000
0.000
0.000
0.000
0.000
0.000
0.000
0.000
0.000
0.000
0.000
0.000
0.000
0.000
0.000
0.000
0.000
0.000
0.000
0.000
0.000
0.240
0.000
0.000
0.000
0.000
0.000
0.000
0.000
0.000
0.202
0.000
0.000
0.000
0.000
0.000
0.000
0.152
0.000
0.000
0.000
0.000
0.000
0.000
0.000
0.127
0.000
0.000
0.000
0.000
0.000
0.000
0.000
0.000
0.243
0.000
0.000
0.000
0.203
0.000
0.000
0.000
0.000
0.000
0.180
0.359
0.000
0.000
0.000
0.000
0.000
0.000
0.000
0.000
0.000
0.000
0.000
0.000
0.000
0.000
0.000
0.000
0.000
0.000
0.000
0.000
0.000
0.000
0.000
0.000
0.000
0.000
0.000
0.000
0.000
0.000
0.133
0.000
0.000
0.000
0.110
0.000
0.000
0.000
0.000
0.099
0.000
0.000
0.000
0.000
0.000
0.000
0.087
0.000
0.000
0.000
0.000
0.070
0.000
0.000
0.000
0.000
0.064
0.000
0.058
0.000
0.058
0.000
0.000
0.000
0.000
0.000
0.000
0.000
0.000
0.791
0.000
0.000
0.000
0.000
0.000
0.000
0.643
0.000
0.000
0.000
0.000
0.000
0.000
0.000
0.000
0.048
0.000
0.000
0.000
0.000
0.000
0.000
0.000
0.000
0.000
0.000
0.000
0.000
0.000
0.000
0.000
0.000
0.000
0.000
0.000
0.000
0.000
0.000
0.000
0.000
0.000
0.000
0.000
0.000
0.000
0.000
0.089
0.000
0.000
0.000
0.000
0.000
0.000
0.000
0.074
0.074
0.000
0.000
0.000
0.000
0.119
0.000
0.000
0.000
0.000
0.109
0.000
0.099
0.099
0.000
0.000
0.000
0.000
0.000
0.000
0.000
0.000
0.000
0.000
0.000
0.000
0.000
0.000
0.000
0.000
0.000
0.064
0.625
0.000
0.000
0.000
0.000
0.000
0.000
0.000
0.000
0.000
0.000
0.000
0.000
0.000
0.000
0.000
0.414
0.000
0.000
0.000
0.000
0.000
0.000
0.000
0.000
0.000
0.000
0.000
0.000
0.000
0.000
0.000
0.000
0.000
0.000
0.192
0.000
0.000
0.182
0.000
0.000
0.000
0.000
0.000
0.000
0.151
0.000
0.000
0.000
0.000
0.000
0.000
0.000
0.000
0.000
0.000
0.000
0.000
0.000
0.101
0.101
0.101
0.101
0.000
0.000
0.000
0.000
0.000
0.000
0.000
0.000
0.000
0.000
1.084
0.000
0.000
0.000
0.000
0.935
0.000
0.891
0.000
0.000
0.000
0.000
0.000
0.000
0.000
0.000
0.000
0.000
0.000
0.000
0.000
0.000
0.000
0.000
0.000
0.000
0.000
0.000
0.000
0.000
0.000
0.000
0.000
0.000
0.000
0.000
0.000
0.000
0.000
0.000
0.000
0.282
0.000
0.000
0.000
0.000
0.000
0.000
0.000
0.000
0.238
0.000
0.000
0.223
0.000
0.000
0.000
0.000
0.000
0.000
0.000
0.000
0.000
0.000
0.000
0.000
0.000
0.000
0.000
0.000
0.000
0.000
0.000
0.059
0.000
0.145
0.000
0.000
0.000
0.000
0.049
0.000
0.000
0.000
0.000
0.000
0.000
0.000
0.000
0.000
0.000
0.341
0.000
0.000
0.000
0.033
0.000
0.000
0.000
0.000
0.000
0.000
0.000
0.000
0.000
0.000
0.000
0.251
0.000
0.000
0.000
0.000
0.000
0.000
0.000
0.000
0.000
0.000
0.000
0.000
0.132
0.000
0.000
0.000
0.118
0.000
0.000
0.000
0.000
0.000
0.000
0.104
0.000
0.000
0.098
0.000
0.000
0.084
0.000
0.000
0.077
0.000
0.000
0.000
0.070
0.000
0.000
0.000
0.000
0.000
0.000
0.000
0.000
0.000
0.000
0.000
0.000
0.000
0.000
0.719
0.000
0.000
0.000
0.647
0.636
0.000
0.000
0.000
0.000
0.000
0.000
0.000
0.000
0.000
0.483
0.000
0.000
0.000
0.441
0.000
0.000
0.000
0.000
0.390
0.000
0.000
0.000
0.000
0.000
0.000
0.000
0.000
0.000
0.277
0.000
0.236
0.000
0.000
0.000
0.000
0.000
0.000
0.000
0.000
0.000
0.000
0.000
0.000
0.000
0.000
0.000
0.154
0.000
0.000
0.000
0.000
0.000
0.000
0.000
0.000
0.113
0.113
0.000
0.000
0.103
0.000
0.000
0.000
0.000
0.000
0.000
0.000
0.000
0.749
0.722
0.000
0.000
0.659
0.000
0.000
0.000
0.000
0.569
0.000
0.000
0.515
0.000
0.000
0.452
0.000
0.442
0.000
0.000
0.000
0.000
0.000
0.000
0.388
0.000
0.000
0.000
0.000
0.000
0.000
0.000
0.000
0.000
0.000
0.000
0.000
0.000
0.000
0.000
0.226
0.208
0.000
0.000
0.000
0.172
0.000
0.000
0.000
0.000
0.000
0.000
0.000
0.000
0.000
0.135
0.000
0.135
0.000
0.000
0.000
0.000
0.108
0.000
0.000
0.000
0.099
0.099
0.000
0.000
0.090
0.000
0.000
0.000
0.000
0.000
0.715
0.000
0.000
0.000
0.000
0.640
0.000
0.000
0.000
0.000
0.000
0.541
0.524
0.516
0.000
0.000
0.000
0.000
0.000
0.000
0.000
0.000
0.000
0.000
0.000
0.000
0.000
0.000
0.000
0.000
0.000
0.000
0.000
0.000
0.000
0.000
0.000
0.000
0.000
0.000
0.000
0.000
0.000
0.000
0.000
0.000
0.000
0.000
0.158
0.000
0.000
0.000
0.000
0.000
0.000
0.000
0.000
0.000
0.000
0.000
0.125
0.000
0.000
0.000
0.000
0.000
0.000
0.000
0.000
0.000
0.000
0.000
0.083
0.000
0.000
0.000
0.245
0.000
0.000
0.000
0.927
0.000
0.226
0.218
0.000
0.000
0.000
0.191
0.000
0.000
0.000
0.687
0.169
0.000
0.155
0.000
0.000
0.000
0.534
0.534
0.000
0.000
0.128
0.125
0.000
0.000
0.117
0.000
0.000
0.000
0.000
0.000
0.000
0.000
0.098
0.000
0.000
0.000
0.000
0.000
0.000
0.000
0.000
0.251
0.000
0.000
0.000
0.000
0.000
0.000
0.000
0.000
0.000
0.185
0.185
0.000
0.000
0.000
0.000
0.164
0.164
0.153
0.000
0.000
0.131
0.000
0.000
0.000
0.000
0.000
0.000
0.109
0.109
0.000
0.000
0.000
0.000
0.000
0.000
0.000
0.000
0.000
0.000
0.000
0.000
0.484
0.000
0.000
0.000
0.000
0.000
0.000
0.000
0.000
0.000
0.000
0.000
0.325
0.000
0.000
0.000
0.000
0.000
0.000
0.000
0.000
0.000
0.000
0.000
0.000
0.000
0.000
0.000
0.000
0.000
0.000
0.000
0.000
0.000
0.000
0.000
0.000
0.000
0.152
0.000
0.000
0.000
0.000
0.000
0.000
0.113
0.000
0.000
0.000
0.000
0.000
0.000
0.000
0.000
0.000
0.000
0.000
0.000
0.079
0.000
0.000
0.000
0.000
0.000
0.000
0.000
0.000
0.000
0.000
0.000
0.000
0.000
0.000
0.000
0.000
0.000
0.312
0.296
0.000
0.000
0.136
0.000
0.000
0.000
0.241
0.234
0.000
0.000
0.000
0.000
0.195
0.382
0.000
0.000
0.000
0.000
0.000
0.000
0.000
0.335
0.000
0.000
0.000
0.000
0.296
0.000
0.000
0.000
0.000
0.265
0.249
0.000
0.000
0.000
0.000
0.000
0.179
0.000
0.000
0.000
0.148
0.148
0.000
0.140
0.000
0.000
0.132
0.132
0.000
0.000
0.000
0.117
0.117
0.117
0.109
0.101
0.093
0.093
0.000
0.000
0.000
0.000
0.086
0.000
0.078
0.000
0.000
0.000
0.000
0.000
0.000
0.000
0.000
0.000
0.761
0.733
0.000
0.000
0.335
0.000
0.000
0.000
0.000
0.578
0.000
0.000
0.523
0.000
0.000
0.458
0.112
0.449
0.000
0.000
0.108
0.000
0.000
0.000
0.000
0.000
0.000
0.000
0.000
0.348
0.000
0.000
0.000
0.000
0.000
0.293
0.000
0.000
0.000
0.000
0.229
0.000
0.000
0.000
0.000
0.000
0.000
0.000
0.000
0.000
0.000
0.000
0.000
0.000
0.000
0.000
0.000
0.000
0.138
0.000
0.000
0.110
0.110
0.110
0.000
0.101
0.000
0.101
0.000
0.092
0.092
0.000
0.000
0.000
0.000
0.000
0.000
0.000
0.000
0.000
0.000
0.000
0.000
0.000
0.066
0.000
0.000
0.000
0.000
0.000
0.000
0.000
0.000
0.000
0.000
0.000
0.000
0.000
0.000
0.000
0.000
0.000
0.000
0.000
0.000
0.000
0.000
0.000
0.000
0.000
0.000
0.000
0.000
0.000
0.000
0.000
0.000
0.000
0.000
0.000
0.000
0.000
0.000
0.000
0.179
0.000
0.000
0.000
0.000
0.000
0.000
0.000
0.000
0.000
0.000
0.000
0.141
0.000
0.000
0.000
0.000
0.113
0.000
0.000
0.000
0.000
0.104
0.000
0.000
0.000
0.000
0.000
0.000
0.000
0.000
0.000
0.000
0.000
0.000
0.000
0.000
0.000
0.000
0.000
0.000
0.000
0.000
0.000
0.000
0.000
0.366
0.353
0.000
0.000
0.000
0.000
0.000
0.000
0.000
0.000
0.000
0.000
0.000
0.000
0.000
0.000
0.000
0.000
0.000
0.000
0.000
0.000
0.000
0.000
0.000
0.000
0.000
0.000
0.000
0.296
0.000
0.000
0.000
0.000
0.000
0.000
0.231
0.000
0.000
0.000
0.000
0.000
0.000
0.000
0.193
0.193
0.193
0.000
0.000
0.000
0.154
0.154
0.000
0.000
0.000
0.000
0.000
0.128
0.000
0.000
0.000
0.000
0.000
0.000
0.000
0.000
0.000
0.000
0.340
0.000
0.000
0.000
0.000
0.000
0.000
0.000
0.477
0.000
0.000
0.431
0.000
0.000
0.000
0.371
0.371
0.000
0.000
0.000
0.000
0.340
0.000
0.000
0.000
0.000
0.000
0.000
0.000
0.000
0.000
0.000
0.000
0.000
0.000
0.000
0.000
0.000
0.000
0.189
0.000
0.000
0.000
0.000
0.144
0.000
0.000
0.000
0.000
0.000
0.000
0.000
0.000
0.000
0.000
0.000
0.113
0.113
0.000
0.000
0.000
0.091
0.091
0.000
0.000
0.000
0.000
0.000
0.076
0.076
0.000
0.000
0.000
0.000
0.000
0.000
0.071
0.000
0.000
0.000
0.000
0.000
0.000
0.059
0.057
0.056
0.000
0.252
0.000
0.000
0.000
0.000
0.000
0.000
0.000
0.000
0.000
0.000
0.000
0.000
0.000
0.000
0.000
0.000
0.000
0.000
0.000
0.000
0.000
0.000
0.000
0.000
0.000
0.000
0.000
0.000
0.000
0.000
0.000
0.000
0.000
0.000
0.000
0.160
0.000
0.000
0.000
0.000
0.000
0.000
0.000
0.000
0.000
0.000
0.000
0.000
0.000
0.000
0.000
0.000
0.101
0.000
0.000
0.000
0.000
0.000
0.000
0.084
0.084
0.084
0.000
0.000
0.000
0.000
0.000
0.000
0.000
0.000
0.000
0.000
0.000
0.000
0.000
0.000
0.000
0.000
0.524
0.516
0.000
0.000
0.000
0.000
0.000
0.000
0.000
0.000
0.000
0.000
0.000
0.000
0.000
0.000
0.000
0.000
0.000
0.000
0.000
0.000
0.000
0.000
0.000
0.000
0.266
0.000
0.000
0.000
0.000
0.000
0.000
0.000
0.000
0.000
0.158
0.000
0.000
0.000
0.000
0.000
0.000
0.000
0.000
0.000
0.000
0.000
0.000
0.000
0.000
0.000
0.000
0.100
0.000
0.000
0.000
0.000
0.000
0.000
0.083
0.083
0.083
0.000
0.000
0.000
0.000
0.000
0.000
0.000
0.000
0.755
0.000
0.000
0.000
0.000
0.000
0.000
0.000
0.594
0.585
0.000
0.000
0.000
0.000
0.000
0.000
0.000
0.000
0.000
0.000
0.000
0.000
0.000
0.000
0.000
0.000
0.000
0.000
0.000
0.000
0.000
0.000
0.000
0.000
0.000
0.000
0.000
0.000
0.000
0.000
0.000
0.000
0.000
0.000
0.179
0.000
0.000
0.000
0.000
0.000
0.000
0.000
0.000
0.000
0.000
0.000
0.000
0.000
0.000
0.000
0.000
0.113
0.000
0.000
0.104
0.104
0.000
0.000
0.094
0.000
0.000
0.000
0.000
0.000
0.000
0.000
0.000
0.000
0.000
0.992
0.000
0.930
0.000
0.000
0.000
0.000
0.000
0.000
0.769
0.000
0.000
0.000
0.657
0.000
0.608
0.000
0.608
0.000
0.000
0.000
0.000
0.000
0.000
0.000
0.000
0.000
0.000
0.000
0.000
0.000
0.446
0.000
0.000
0.000
0.000
0.000
0.000
0.000
0.000
0.000
0.000
0.000
0.000
0.236
0.000
0.223
0.000
0.000
0.211
0.000
0.000
0.000
0.000
0.000
0.000
0.000
0.000
0.000
0.000
0.149
0.000
0.149
0.000
0.000
0.000
0.000
0.000
0.124
0.124
0.000
0.000
0.092
0.000
0.000
0.000
0.000
0.000
0.429
0.000
0.000
0.000
0.000
0.071
0.694
0.684
0.000
0.306
0.316
0.000
0.291
0.000
0.000
0.510
0.250
0.000
0.000
0.000
0.255
0.047
0.000
0.000
0.204
0.000
0.000
0.000
0.398
0.000
0.000
0.000
0.184
0.000
0.000
0.000
0.000
0.000
0.000
0.000
0.000
0.235
0.000
0.000
0.000
0.194
0.000
0.000
0.184
0.174
0.000
0.000
0.000
0.000
0.000
0.000
0.153
0.153
0.153
0.143
0.000
0.000
0.122
0.000
0.000
0.112
0.112
0.112
0.000
0.000
0.102
0.000
0.000
0.000
0.000
0.000
0.000
0.000
0.000
0.000
0.000
0.000
0.000
0.000
0.000
0.000
0.000
0.000
0.000
0.000
0.000
0.000
0.000
0.000
0.000
0.000
0.000
0.000
0.000
0.000
0.000
0.000
0.000
0.000
0.000
0.000
0.000
0.000
0.000
0.000
0.000
0.000
0.000
0.000
0.000
0.000
0.000
0.000
0.000
0.000
0.000
0.000
0.000
0.000
0.245
0.000
0.000
0.000
0.000
0.000
0.000
0.000
0.000
0.000
0.000
0.000
0.194
0.000
0.000
0.000
0.000
0.000
0.000
0.000
0.000
0.000
0.000
0.129
0.129
0.000
0.000
0.000
0.401
0.000
0.774
0.000
0.383
0.000
0.356
0.000
0.000
0.000
0.000
0.000
0.000
0.000
0.000
0.561
0.552
0.000
0.507
0.000
0.000
0.445
0.436
0.000
0.000
0.427
0.178
0.178
0.000
0.000
0.178
0.000
0.365
0.000
0.174
0.338
0.000
0.000
0.000
0.000
0.000
0.285
0.000
0.000
0.000
0.000
0.223
0.205
0.000
0.000
0.178
0.169
0.000
0.000
0.000
0.151
0.000
0.151
0.151
0.000
0.000
0.134
0.134
0.134
0.134
0.125
0.000
0.000
0.107
0.107
0.000
0.000
0.098
0.098
0.000
0.089
0.089
0.089
0.000
0.000
0.000
0.000
0.000
0.000
0.000
0.253
0.000
0.000
0.000
0.000
0.000
0.000
0.000
0.000
0.398
0.000
0.000
0.000
0.000
0.000
0.000
0.310
0.000
0.000
0.000
0.000
0.291
0.000
0.000
0.127
0.000
0.000
0.000
0.000
0.000
0.000
0.000
0.228
0.000
0.000
0.000
0.000
0.000
0.000
0.000
0.000
0.145
0.000
0.000
0.000
0.120
0.000
0.000
0.000
0.108
0.000
0.000
0.000
0.000
0.101
0.000
0.095
0.000
0.095
0.000
0.000
0.076
0.076
0.076
0.000
0.000
0.000
0.070
0.063
0.000
0.063
0.063
0.000
0.000
0.000
0.000
0.000
0.000
0.000
0.000
0.000
0.000
0.000
0.000
0.191
0.371
0.000
0.000
0.344
0.175
0.000
0.000
0.000
0.000
0.000
0.000
0.000
0.000
0.000
0.000
0.000
0.000
0.000
0.235
0.000
0.000
0.000
0.000
0.000
0.000
0.000
0.000
0.000
0.000
0.175
0.000
0.000
0.000
0.000
0.000
0.000
0.000
0.000
0.000
0.000
0.000
0.000
0.000
0.000
0.000
0.000
0.000
0.000
0.087
0.082
0.000
0.000
0.000
0.000
0.000
0.000
0.065
0.000
0.000
0.000
0.000
0.000
0.055
0.055
0.000
0.000
0.000
0.000
0.000
0.000
0.000
0.000
0.000
0.409
0.000
0.000
0.000
0.000
0.000
0.358
0.000
0.000
0.327
0.307
0.000
0.583
0.000
0.000
0.000
0.000
0.000
0.501
0.000
0.000
0.000
0.000
0.000
0.205
0.000
0.000
0.000
0.000
0.000
0.000
0.000
0.000
0.000
0.000
0.000
0.000
0.000
0.000
0.000
0.000
0.235
0.000
0.000
0.000
0.000
0.000
0.184
0.184
0.000
0.000
0.000
0.000
0.000
0.000
0.000
0.000
0.000
0.153
0.143
0.000
0.000
0.123
0.000
0.000
0.000
0.113
0.000
0.000
0.102
0.102
0.000
0.000
0.000
0.000
0.000
0.000
0.000
0.000
0.000
0.000
0.000
0.000
0.625
0.000
0.000
0.000
0.000
0.000
0.000
0.000
0.000
0.000
0.000
0.000
0.419
0.000
0.000
0.000
0.000
0.394
0.000
0.000
0.171
0.000
0.351
0.000
0.000
0.000
0.000
0.000
0.000
0.000
0.000
0.000
0.000
0.000
0.000
0.000
0.000
0.000
0.000
0.000
0.000
0.163
0.000
0.000
0.000
0.000
0.145
0.000
0.000
0.000
0.000
0.000
0.000
0.128
0.000
0.120
0.000
0.000
0.103
0.000
0.000
0.094
0.094
0.000
0.086
0.086
0.000
0.000
0.000
0.076
0.000
0.000
0.000
0.000
0.000
0.000
0.000
0.000
0.000
0.000
0.591
0.000
0.000
0.000
0.532
0.052
0.000
0.000
0.000
0.000
0.422
0.414
0.000
0.414
0.000
0.000
0.388
0.000
0.000
0.363
0.000
0.346
0.000
0.082
0.000
0.000
0.000
0.304
0.000
0.000
0.000
0.000
0.000
0.000
0.228
0.211
0.194
0.194
0.000
0.000
0.160
0.000
0.000
0.152
0.143
0.000
0.000
0.000
0.135
0.000
0.127
0.127
0.127
0.127
0.000
0.000
0.000
0.101
0.000
0.000
0.000
0.000
0.093
0.000
0.084
0.084
0.000
0.000
0.000
0.000
0.000
0.000
0.000
0.000
0.000
0.000
0.000
0.000
0.000
0.000
0.541
0.000
0.000
0.000
0.000
0.000
0.000
0.000
0.000
0.000
0.000
0.000
0.000
0.000
0.000
0.000
0.000
0.000
0.342
0.000
0.326
0.000
0.000
0.000
0.000
0.000
0.286
0.000
0.271
0.000
0.239
0.000
0.000
0.000
0.000
0.000
0.000
0.000
0.159
0.151
0.000
0.000
0.000
0.000
0.000
0.000
0.135
0.000
0.000
0.000
0.119
0.119
0.119
0.000
0.000
0.000
0.095
0.000
0.000
0.088
0.000
0.000
0.000
0.000
0.080
0.000
0.000
0.000
0.000
0.000
0.000
0.000
0.000
0.000
0.000
0.000
0.000
0.000
0.000
0.000
0.000
0.000
0.000
0.188
0.000
0.000
0.000
0.000
0.000
0.000
0.000
0.000
0.000
0.000
0.279
0.000
0.000
0.000
0.000
0.000
0.000
0.000
0.000
0.000
0.000
0.000
0.000
0.000
0.000
0.000
0.000
0.176
0.000
0.000
0.140
0.000
0.000
0.000
0.115
0.000
0.000
0.109
0.000
0.000
0.103
0.000
0.000
0.097
0.091
0.091
0.091
0.091
0.000
0.000
0.000
0.073
0.000
0.000
0.067
0.000
0.067
0.000
0.061
0.061
0.000
0.000
0.000
0.000
0.000
0.000
0.000
0.000
0.000
0.000
0.000
0.000
0.000
0.054
0.000
0.000
0.000
0.122
0.120
0.000
0.000
0.000
0.000
0.000
0.379
0.000
0.000
0.000
0.000
0.000
0.000
0.000
0.332
0.000
0.000
0.000
0.000
0.000
0.000
0.000
0.000
0.000
0.000
0.000
0.000
0.000
0.000
0.000
0.000
0.000
0.000
0.000
0.000
0.147
0.000
0.000
0.000
0.000
0.000
0.000
0.000
0.124
0.000
0.000
0.116
0.116
0.000
0.000
0.000
0.093
0.093
0.000
0.000
0.000
0.000
0.000
0.000
0.077
0.077
0.077
0.000
0.083
0.000
0.000
0.000
0.000
0.000
0.000
0.000
0.000
0.000
0.068
0.000
0.000
0.000
0.000
0.058
0.057
0.000
0.000
0.000
0.000
0.046
0.019
0.000
0.000
0.000
0.000
0.000
0.000
0.000
0.000
0.000
0.000
0.000
0.000
0.000
0.000
0.000
0.000
0.000
0.000
0.000
0.000
0.000
0.000
0.000
0.000
0.213
0.213
0.000
0.185
0.176
0.000
0.000
0.167
0.000
0.158
0.158
0.000
0.148
0.148
0.000
0.139
0.139
0.139
0.130
0.000
0.000
0.111
0.000
0.000
0.102
0.102
0.102
0.000
0.093
0.093
0.093
0.000
0.445
0.000
0.860
0.000
0.840
0.831
0.000
0.000
0.000
0.000
0.000
0.692
0.672
0.000
0.000
0.623
0.613
0.000
0.282
0.000
0.000
0.494
0.366
0.000
0.000
0.000
0.000
0.316
0.000
0.000
0.326
0.247
0.000
0.000
0.000
0.000
0.000
0.000
0.036
0.000
0.000
0.000
0.000
0.247
0.000
0.208
0.000
0.198
0.227
0.000
0.000
0.188
0.000
0.178
0.178
0.168
0.168
0.000
0.000
0.158
0.158
0.148
0.148
0.148
0.000
0.000
0.129
0.119
0.119
0.000
0.000
0.109
0.000
0.109
0.000
0.099
0.000
0.099
0.000
0.000
0.000
0.000
0.159
0.000
0.000
0.000
0.000
0.000
0.000
0.000
0.000
0.503
0.000
0.000
0.116
0.000
0.000
0.000
0.000
0.000
0.000
0.091
0.000
0.000
0.000
0.000
0.000
0.000
0.000
0.159
0.000
0.000
0.000
0.000
0.000
0.000
0.000
0.000
0.000
0.251
0.000
0.000
0.000
0.000
0.000
0.000
0.000
0.000
0.000
0.000
0.140
0.000
0.000
0.000
0.126
0.126
0.000
0.000
0.000
0.000
0.000
0.111
0.111
0.000
0.000
0.000
0.000
0.089
0.000
0.000
0.000
0.081
0.000
0.000
0.074
0.074
0.074
0.000
0.000
0.000
0.000
0.000
0.000
0.137
0.271
0.000
0.000
0.000
0.000
0.000
0.000
0.000
0.000
0.000
0.000
0.000
0.000
0.000
0.000
0.000
0.000
0.000
0.000
0.000
0.077
0.176
0.000
0.000
0.140
0.000
0.000
0.000
0.064
0.000
0.000
0.000
0.235
0.000
0.000
0.000
0.000
0.000
0.000
0.000
0.000
0.000
0.000
0.000
0.000
0.124
0.000
0.000
0.118
0.000
0.111
0.111
0.000
0.000
0.104
0.098
0.098
0.098
0.000
0.000
0.085
0.000
0.078
0.000
0.000
0.072
0.000
0.072
0.000
0.065
0.000
0.000
0.000
0.348
0.000
0.000
0.000
0.000
0.000
0.000
0.000
0.000
0.000
0.000
0.135
0.526
0.000
0.000
0.000
0.240
0.000
0.000
0.000
0.000
0.387
0.379
0.000
0.000
0.000
0.000
0.178
0.000
0.000
0.166
0.000
0.000
0.000
0.000
0.000
0.000
0.000
0.248
0.000
0.000
0.000
0.000
0.178
0.000
0.000
0.000
0.000
0.178
0.000
0.000
0.147
0.000
0.000
0.139
0.131
0.000
0.131
0.124
0.000
0.000
0.116
0.116
0.000
0.116
0.108
0.000
0.000
0.093
0.000
0.000
0.085
0.085
0.085
0.000
0.077
0.077
0.000
0.000
0.000
0.000
0.000
0.000
0.000
0.000
0.000
0.000
0.000
0.000
0.744
0.000
0.000
0.000
0.000
0.000
0.000
0.000
0.000
0.000
0.000
0.000
0.000
0.000
0.000
0.000
0.000
0.000
0.000
0.000
0.000
0.000
0.000
0.000
0.000
0.000
0.000
0.000
0.000
0.000
0.000
0.000
0.000
0.000
0.000
0.000
0.000
0.000
0.000
0.000
0.000
0.000
0.000
0.000
0.000
0.000
0.000
0.000
0.000
0.000
0.000
0.000
0.000
0.000
0.000
0.000
0.000
0.000
0.000
0.000
0.000
0.000
0.000
0.000
0.000
0.000
0.000
0.000
0.000
0.841
0.000
0.000
0.000
0.000
0.000
0.000
0.748
0.000
0.000
0.000
0.654
0.000
0.000
0.000
0.000
0.580
0.000
0.533
0.000
0.000
0.467
0.458
0.000
0.000
0.449
0.000
0.430
0.000
0.000
0.000
0.000
0.383
0.000
0.365
0.000
0.000
0.000
0.000
0.000
0.000
0.000
0.000
0.000
0.271
0.252
0.234
0.187
0.215
0.000
0.000
0.178
0.000
0.168
0.168
0.159
0.159
0.159
0.159
0.150
0.000
0.140
0.140
0.140
0.140
0.131
0.000
0.000
0.112
0.000
0.000
0.103
0.000
0.103
0.000
0.093
0.093
0.093
0.000
0.000
0.000
0.000
0.507
0.000
0.000
0.000
0.471
0.907
0.000
0.000
0.000
0.000
0.000
0.000
0.000
0.730
0.000
0.672
0.648
0.000
0.000
0.577
0.000
0.000
0.000
0.000
0.000
0.000
0.000
0.000
0.000
0.000
0.000
0.000
0.000
0.000
0.000
0.000
0.000
0.000
0.000
0.000
0.000
0.000
0.000
0.000
0.000
0.000
0.000
0.000
0.224
0.000
0.000
0.000
0.000
0.000
0.000
0.000
0.188
0.000
0.000
0.177
0.000
0.000
0.000
0.000
0.141
0.141
0.000
0.000
0.000
0.000
0.000
0.000
0.118
0.118
0.000
0.000
0.895
0.000
0.000
0.000
0.845
0.000
0.000
0.000
0.383
0.000
0.000
0.000
0.000
0.000
0.000
0.000
0.000
0.000
0.000
0.000
0.000
0.000
0.000
0.000
0.000
0.000
0.000
0.000
0.000
0.000
0.000
0.000
0.000
0.000
0.194
0.000
0.000
0.000
0.358
0.000
0.000
0.000
0.000
0.000
0.000
0.000
0.000
0.000
0.000
0.000
0.199
0.189
0.000
0.000
0.179
0.169
0.000
0.000
0.000
0.159
0.000
0.000
0.149
0.149
0.000
0.000
0.000
0.000
0.119
0.000
0.000
0.109
0.000
0.000
0.000
0.099
0.099
0.000
0.000
0.000
0.000
0.000
0.000
0.000
0.216
0.000
0.822
0.000
0.000
0.000
0.000
0.699
0.000
0.000
0.648
0.637
0.000
0.000
0.000
0.000
0.000
0.504
0.000
0.000
0.000
0.000
0.000
0.000
0.000
0.000
0.000
0.000
0.000
0.000
0.000
0.000
0.000
0.000
0.000
0.000
0.000
0.000
0.000
0.000
0.000
0.000
0.236
0.000
0.000
0.000
0.195
0.000
0.185
0.000
0.000
0.000
0.000
0.175
0.164
0.000
0.000
0.154
0.154
0.154
0.144
0.000
0.123
0.123
0.123
0.113
0.113
0.113
0.113
0.000
0.103
0.000
0.000
0.000
